6.267904
6.088192
6.000128
6.993408
6.072832
6.020608
6.010624
6.075392
6.483968
5.986048
6.07616
6.054656
5.991168
6.074368
6.059008
6.018048
6.07872
6.059776
6.029824
6.55872
6.044672
7.03616
6.04288
6.107648
6.479104
6.000896
6.013952
6.07104
6.047488
6.52032
6.000128
6.094848
6.074368
6.895104
6.550016
6.025216
6.073856
6.067712
6.014464
6.24512
6.055936
6.020864
6.555136
6.066432
6.046208
6.085888
6.65216
6.063616
6.023936
6.088704
6.537984
6.02112
6.053888
6.072832
6.01984
6.086656
6.48780775
6.024192
6.457344
6.09408
6.08127975
6.02624
6.088704
6.059776
6.023424
6.083584
6.508032
6.055936
6.01984
6.06208
6.794496
6.389504
6.004992
6.085632
6.083584
6.034432
6.047744
6.083328
6.091776
6.501632
6.061312
6.053888
6.021632
6.096896
6.047488
6.004736
6.076672
7.105024
6.063872
6.02368
6.084864
6.065664
6.411776
6.004224
6.070016
6.062592
6.020864
6.344192
6.085376
6.065152
6.029056
6.040576
6.27763176
6.082048
6.029056
6.0608
6.102784
6.084608
6.040576
6.091776
6.048
6.056192
6.405632
6.010112
6.078976
6.079488
6.012928
6.42816
6.067712
6.07232
6.07104
6.035456
6.07488
6.030336
6.407168
6.585088
6.22592
6.05184
