6.065664
6.581248
6.039296
6.08384
6.618112
6.085632
6.079488
6.083584
6.103552
6.508032
6.0608
6.069504
6.003456
6.081792
6.066688
6.027776
6.104832
6.041088
6.07488
6.496768
6.056192
6.066432
6.558464
6.025216
6.070784
6.50752
6.026496
6.082816
6.072576
6.07232
6.508288
6.906368
6.05312
6.019072
6.078464
6.074112
6.01216
6.056448
6.256896
6.039552
6.63168
6.730752
6.076928
6.088448
6.068992
6.069504
6.096384
6.097664
6.067712
6.515968
6.08127975
6.066688
6.475264
6.05568
6.07334375
6.021632
6.067456
6.07232
6.092032
6.06208
6.553856
6.072064
7.455488
6.076416
6.050816
6.027264
6.064128
6.087424
6.530048
6.067456
6.090496
6.082304
6.064896
6.09152
6.062592
6.09664
6.085376
6.633984
6.031616
6.527744
6.082048
6.030592
6.093056
6.070784
6.06540775
6.075648
6.057728
6.571008
6.069504
6.071552
6.48704
6.072832
6.07872
6.064896
6.014464
6.074112
6.068736
6.016
6.419968
6.285824
6.038784
6.692352
6.436864
6.03392
6.064384
6.068992
6.074368
6.072576
6.0736
6.413824
6.077184
6.092288
6.516992
6.078976
6.098176
6.037504
6.035456
6.086656
6.075392
6.050048
6.581248
6.074112
6.018304
6.490112
6.08768
6.057728
6.09536
6.049024
