6.060032
6.604288
6.087424
6.075904
6.066432
6.058752
6.072832
6.070784
6.086144
6.506496
6.070528
6.07872
6.593024
6.078464
6.090496
7.190528
6.059776
6.08512
6.093568
6.085632
6.587648
6.080512
6.086912
6.490624
6.783744
6.071296
6.092032
6.08512
6.022912
6.074368
6.070016
6.48192
6.049792
6.06848
6.013952
6.090752
6.04928
6.068992
6.109184
6.43456
6.080256
6.088192
7.16799974
6.084096
6.029568
6.075136
6.061056
6.01779175
6.085632
6.038528
6.390528
6.09792
6.466048
6.672896
6.083072
6.076672
6.082816
6.083072
6.08384
6.064384
6.07104
6.557184
6.0672
7.116032
6.074624
6.082048
6.02368
6.06540775
6.066432
6.444544
6.063616
6.101248
6.649856
6.043648
6.08512
6.08
6.022656
6.078464
6.508032
6.019584
6.587904
6.05747175
6.016
6.402304
6.07744
6.072064
6.09024
6.077952
6.0672
6.077184
6.096896
6.465792
6.07334375
6.075904
6.714112
6.091264
6.088192
6.051584
6.039808
6.089728
6.082048
6.992128
6.544896
6.093056
6.088192
6.072064
6.08384
6.088448
6.06464
6.078976
6.471168
6.089984
6.088192
6.600192
6.024192
6.0736
6.061824
6.01779175
6.096896
6.088192
6.07488
6.06336
6.019328
6.419456
6.433792
6.029056
6.755072
6.079232
