observation,camera_frame_observed,marker,gpu_ns,gpu_sample_count
0,4700,VSM.MarkReceiverPages,608512,1
0,4700,VSM.Allocate,610816,1
0,4700,VSM.ClearPhysicalPages,265216,1
0,4700,VSM.PageOccupancy,65536,1
0,4700,VSM.FinalizePages,2048,1
0,4700,VSM.DynamicRaster,90368,1
0,4700,VSM.LayoutRemap,0,1
0,4700,VSM.InvalidateStatic,0,0
0,4700,VSM.StaticCasterCull,207104,1
0,4700,VSM.DynamicCasterCull,0,1
0,4700,VSM.PageCull,187904,1
0,4700,VSM.StaticRaster,7424,1
0,4700,VSM.UnityCompatibilityRaster,0,0
0,4700,VSM.Resolve,7694080,1
0,4700,VSM.ResolveTrace,7223040,1
0,4700,VSM.FilterHorizontal,68608,1
0,4700,VSM.FilterVertical,0,0
0,4700,VSM.FilterTemporalVertical,158464,1
0,4700,VSM.ResetFeedback,0,1
1,4701,VSM.MarkReceiverPages,649216,1
1,4701,VSM.Allocate,633088,1
1,4701,VSM.ClearPhysicalPages,632320,1
1,4701,VSM.PageOccupancy,73472,1
1,4701,VSM.FinalizePages,2304,1
1,4701,VSM.DynamicRaster,91136,1
1,4701,VSM.LayoutRemap,0,1
1,4701,VSM.InvalidateStatic,0,0
1,4701,VSM.StaticCasterCull,209664,1
1,4701,VSM.DynamicCasterCull,0,1
1,4701,VSM.PageCull,189696,1
1,4701,VSM.StaticRaster,7168,1
1,4701,VSM.UnityCompatibilityRaster,0,0
1,4701,VSM.Resolve,7752704,1
1,4701,VSM.ResolveTrace,7519744,1
1,4701,VSM.FilterHorizontal,69376,1
1,4701,VSM.FilterVertical,0,0
1,4701,VSM.FilterTemporalVertical,162560,1
1,4701,VSM.ResetFeedback,0,1
2,4702,VSM.MarkReceiverPages,610048,1
2,4702,VSM.Allocate,624128,1
2,4702,VSM.ClearPhysicalPages,264704,1
2,4702,VSM.PageOccupancy,66048,1
2,4702,VSM.FinalizePages,2304,1
2,4702,VSM.DynamicRaster,90112,1
2,4702,VSM.LayoutRemap,0,1
2,4702,VSM.InvalidateStatic,0,0
2,4702,VSM.StaticCasterCull,208384,1
2,4702,VSM.DynamicCasterCull,0,1
2,4702,VSM.PageCull,189440,1
2,4702,VSM.StaticRaster,7424,1
2,4702,VSM.UnityCompatibilityRaster,0,0
2,4702,VSM.Resolve,6952448,1
2,4702,VSM.ResolveTrace,6400000,1
2,4702,VSM.FilterHorizontal,68864,1
2,4702,VSM.FilterVertical,0,0
2,4702,VSM.FilterTemporalVertical,161792,1
2,4702,VSM.ResetFeedback,0,1
3,4703,VSM.MarkReceiverPages,607232,1
3,4703,VSM.Allocate,611072,1
3,4703,VSM.ClearPhysicalPages,264192,1
3,4703,VSM.PageOccupancy,87040,1
3,4703,VSM.FinalizePages,1792,1
3,4703,VSM.DynamicRaster,84736,1
3,4703,VSM.LayoutRemap,0,1
3,4703,VSM.InvalidateStatic,0,0
3,4703,VSM.StaticCasterCull,199680,1
3,4703,VSM.DynamicCasterCull,0,1
3,4703,VSM.PageCull,180992,1
3,4703,VSM.StaticRaster,7168,1
3,4703,VSM.UnityCompatibilityRaster,0,0
3,4703,VSM.Resolve,7750144,1
3,4703,VSM.ResolveTrace,7525120,1
3,4703,VSM.FilterHorizontal,66048,1
3,4703,VSM.FilterVertical,0,0
3,4703,VSM.FilterTemporalVertical,157952,1
3,4703,VSM.ResetFeedback,0,1
4,4704,VSM.MarkReceiverPages,606720,1
4,4704,VSM.Allocate,617728,1
4,4704,VSM.ClearPhysicalPages,262656,1
4,4704,VSM.PageOccupancy,64256,1
4,4704,VSM.FinalizePages,2816,1
4,4704,VSM.DynamicRaster,88320,1
4,4704,VSM.LayoutRemap,0,1
4,4704,VSM.InvalidateStatic,0,0
4,4704,VSM.StaticCasterCull,207616,1
4,4704,VSM.DynamicCasterCull,0,1
4,4704,VSM.PageCull,189440,1
4,4704,VSM.StaticRaster,11264,1
4,4704,VSM.UnityCompatibilityRaster,0,0
4,4704,VSM.Resolve,7601152,1
4,4704,VSM.ResolveTrace,7370752,1
4,4704,VSM.FilterHorizontal,68096,1
4,4704,VSM.FilterVertical,0,0
4,4704,VSM.FilterTemporalVertical,161024,1
4,4704,VSM.ResetFeedback,0,1
5,4705,VSM.MarkReceiverPages,605184,1
5,4705,VSM.Allocate,621056,1
5,4705,VSM.ClearPhysicalPages,510976,1
5,4705,VSM.PageOccupancy,64768,1
5,4705,VSM.FinalizePages,2048,1
5,4705,VSM.DynamicRaster,87552,1
5,4705,VSM.LayoutRemap,0,1
5,4705,VSM.InvalidateStatic,0,0
5,4705,VSM.StaticCasterCull,207616,1
5,4705,VSM.DynamicCasterCull,0,1
5,4705,VSM.PageCull,186880,1
5,4705,VSM.StaticRaster,7424,1
5,4705,VSM.UnityCompatibilityRaster,0,0
5,4705,VSM.Resolve,7427840,1
5,4705,VSM.ResolveTrace,7013376,1
5,4705,VSM.FilterHorizontal,67840,1
5,4705,VSM.FilterVertical,0,0
5,4705,VSM.FilterTemporalVertical,160000,1
5,4705,VSM.ResetFeedback,0,1
6,4706,VSM.MarkReceiverPages,609024,1
6,4706,VSM.Allocate,611072,1
6,4706,VSM.ClearPhysicalPages,264960,1
6,4706,VSM.PageOccupancy,63744,1
6,4706,VSM.FinalizePages,2048,1
6,4706,VSM.DynamicRaster,89856,1
6,4706,VSM.LayoutRemap,0,1
6,4706,VSM.InvalidateStatic,0,0
6,4706,VSM.StaticCasterCull,205568,1
6,4706,VSM.DynamicCasterCull,0,1
6,4706,VSM.PageCull,186368,1
6,4706,VSM.StaticRaster,7424,1
6,4706,VSM.UnityCompatibilityRaster,0,0
6,4706,VSM.Resolve,7639296,1
6,4706,VSM.ResolveTrace,7407872,1
6,4706,VSM.FilterHorizontal,68608,1
6,4706,VSM.FilterVertical,0,0
6,4706,VSM.FilterTemporalVertical,161536,1
6,4706,VSM.ResetFeedback,0,1
7,4707,VSM.MarkReceiverPages,634880,1
7,4707,VSM.Allocate,617728,1
7,4707,VSM.ClearPhysicalPages,270336,1
7,4707,VSM.PageOccupancy,71936,1
7,4707,VSM.FinalizePages,2304,1
7,4707,VSM.DynamicRaster,91136,1
7,4707,VSM.LayoutRemap,0,1
7,4707,VSM.InvalidateStatic,0,0
7,4707,VSM.StaticCasterCull,210176,1
7,4707,VSM.DynamicCasterCull,0,1
7,4707,VSM.PageCull,190208,1
7,4707,VSM.StaticRaster,7424,1
7,4707,VSM.UnityCompatibilityRaster,0,0
7,4707,VSM.Resolve,7738112,1
7,4707,VSM.ResolveTrace,7505408,1
7,4707,VSM.FilterHorizontal,69376,1
7,4707,VSM.FilterVertical,0,0
7,4707,VSM.FilterTemporalVertical,162048,1
7,4707,VSM.ResetFeedback,0,1
8,4708,VSM.MarkReceiverPages,647168,1
8,4708,VSM.Allocate,630016,1
8,4708,VSM.ClearPhysicalPages,268032,1
8,4708,VSM.PageOccupancy,71936,1
8,4708,VSM.FinalizePages,2304,1
8,4708,VSM.DynamicRaster,89856,1
8,4708,VSM.LayoutRemap,0,1
8,4708,VSM.InvalidateStatic,0,0
8,4708,VSM.StaticCasterCull,210944,1
8,4708,VSM.DynamicCasterCull,0,1
8,4708,VSM.PageCull,190720,1
8,4708,VSM.StaticRaster,4608,1
8,4708,VSM.UnityCompatibilityRaster,0,0
8,4708,VSM.Resolve,7534592,1
8,4708,VSM.ResolveTrace,7307008,1
8,4708,VSM.FilterHorizontal,67584,1
8,4708,VSM.FilterVertical,0,0
8,4708,VSM.FilterTemporalVertical,158464,1
8,4708,VSM.ResetFeedback,0,1
9,4709,VSM.MarkReceiverPages,603648,1
9,4709,VSM.Allocate,615936,1
9,4709,VSM.ClearPhysicalPages,639232,1
9,4709,VSM.PageOccupancy,67328,1
9,4709,VSM.FinalizePages,2304,1
9,4709,VSM.DynamicRaster,92160,1
9,4709,VSM.LayoutRemap,0,1
9,4709,VSM.InvalidateStatic,0,0
9,4709,VSM.StaticCasterCull,215808,1
9,4709,VSM.DynamicCasterCull,0,1
9,4709,VSM.PageCull,190976,1
9,4709,VSM.StaticRaster,7168,1
9,4709,VSM.UnityCompatibilityRaster,0,0
9,4709,VSM.Resolve,7293952,1
9,4709,VSM.ResolveTrace,7067392,1
9,4709,VSM.FilterHorizontal,66816,1
9,4709,VSM.FilterVertical,0,0
9,4709,VSM.FilterTemporalVertical,158976,1
9,4709,VSM.ResetFeedback,0,1
10,4710,VSM.MarkReceiverPages,812032,1
10,4710,VSM.Allocate,608512,1
10,4710,VSM.ClearPhysicalPages,264704,1
10,4710,VSM.PageOccupancy,65792,1
10,4710,VSM.FinalizePages,1792,1
10,4710,VSM.DynamicRaster,90112,1
10,4710,VSM.LayoutRemap,0,1
10,4710,VSM.InvalidateStatic,0,0
10,4710,VSM.StaticCasterCull,207616,1
10,4710,VSM.DynamicCasterCull,0,1
10,4710,VSM.PageCull,188416,1
10,4710,VSM.StaticRaster,3584,1
10,4710,VSM.UnityCompatibilityRaster,0,0
10,4710,VSM.Resolve,7075328,1
10,4710,VSM.ResolveTrace,6846720,1
10,4710,VSM.FilterHorizontal,68096,1
10,4710,VSM.FilterVertical,0,0
10,4710,VSM.FilterTemporalVertical,159744,1
10,4710,VSM.ResetFeedback,0,1
11,4711,VSM.MarkReceiverPages,607744,1
11,4711,VSM.Allocate,620544,1
11,4711,VSM.ClearPhysicalPages,264960,1
11,4711,VSM.PageOccupancy,74752,1
11,4711,VSM.FinalizePages,2048,1
11,4711,VSM.DynamicRaster,90112,1
11,4711,VSM.LayoutRemap,0,1
11,4711,VSM.InvalidateStatic,0,0
11,4711,VSM.StaticCasterCull,203264,1
11,4711,VSM.DynamicCasterCull,0,1
11,4711,VSM.PageCull,184320,1
11,4711,VSM.StaticRaster,7168,1
11,4711,VSM.UnityCompatibilityRaster,0,0
11,4711,VSM.Resolve,7067392,1
11,4711,VSM.ResolveTrace,6841856,1
11,4711,VSM.FilterHorizontal,66560,1
11,4711,VSM.FilterVertical,0,0
11,4711,VSM.FilterTemporalVertical,157952,1
11,4711,VSM.ResetFeedback,0,1
12,4712,VSM.MarkReceiverPages,902656,1
12,4712,VSM.Allocate,665088,1
12,4712,VSM.ClearPhysicalPages,270336,1
12,4712,VSM.PageOccupancy,73984,1
12,4712,VSM.FinalizePages,2304,1
12,4712,VSM.DynamicRaster,96512,1
12,4712,VSM.LayoutRemap,0,1
12,4712,VSM.InvalidateStatic,0,0
12,4712,VSM.StaticCasterCull,213248,1
12,4712,VSM.DynamicCasterCull,0,1
12,4712,VSM.PageCull,193536,1
12,4712,VSM.StaticRaster,7680,1
12,4712,VSM.UnityCompatibilityRaster,0,0
12,4712,VSM.Resolve,7863552,1
12,4712,VSM.ResolveTrace,7437056,1
12,4712,VSM.FilterHorizontal,69120,1
12,4712,VSM.FilterVertical,0,0
12,4712,VSM.FilterTemporalVertical,356352,1
12,4712,VSM.ResetFeedback,0,1
13,4713,VSM.MarkReceiverPages,645632,1
13,4713,VSM.Allocate,624896,1
13,4713,VSM.ClearPhysicalPages,268288,1
13,4713,VSM.PageOccupancy,87040,1
13,4713,VSM.FinalizePages,2304,1
13,4713,VSM.DynamicRaster,93952,1
13,4713,VSM.LayoutRemap,0,1
13,4713,VSM.InvalidateStatic,0,0
13,4713,VSM.StaticCasterCull,204800,1
13,4713,VSM.DynamicCasterCull,0,1
13,4713,VSM.PageCull,184832,1
13,4713,VSM.StaticRaster,7168,1
13,4713,VSM.UnityCompatibilityRaster,0,0
13,4713,VSM.Resolve,7367680,1
13,4713,VSM.ResolveTrace,7140096,1
13,4713,VSM.FilterHorizontal,66560,1
13,4713,VSM.FilterVertical,0,0
13,4713,VSM.FilterTemporalVertical,160000,1
13,4713,VSM.ResetFeedback,0,1
14,4714,VSM.MarkReceiverPages,604416,1
14,4714,VSM.Allocate,604672,1
14,4714,VSM.ClearPhysicalPages,263168,1
14,4714,VSM.PageOccupancy,71936,1
14,4714,VSM.FinalizePages,2048,1
14,4714,VSM.DynamicRaster,90112,1
14,4714,VSM.LayoutRemap,0,1
14,4714,VSM.InvalidateStatic,0,0
14,4714,VSM.StaticCasterCull,206336,1
14,4714,VSM.DynamicCasterCull,0,1
14,4714,VSM.PageCull,187648,1
14,4714,VSM.StaticRaster,4096,1
14,4714,VSM.UnityCompatibilityRaster,0,0
14,4714,VSM.Resolve,7075328,1
14,4714,VSM.ResolveTrace,6848000,1
14,4714,VSM.FilterHorizontal,67584,1
14,4714,VSM.FilterVertical,0,0
14,4714,VSM.FilterTemporalVertical,158720,1
14,4714,VSM.ResetFeedback,0,1
15,4715,VSM.MarkReceiverPages,605184,1
15,4715,VSM.Allocate,609792,1
15,4715,VSM.ClearPhysicalPages,670976,1
15,4715,VSM.PageOccupancy,66304,1
15,4715,VSM.FinalizePages,2304,1
15,4715,VSM.DynamicRaster,90368,1
15,4715,VSM.LayoutRemap,0,1
15,4715,VSM.InvalidateStatic,0,0
15,4715,VSM.StaticCasterCull,211200,1
15,4715,VSM.DynamicCasterCull,0,1
15,4715,VSM.PageCull,186880,1
15,4715,VSM.StaticRaster,6656,1
15,4715,VSM.UnityCompatibilityRaster,0,0
15,4715,VSM.Resolve,7604736,1
15,4715,VSM.ResolveTrace,7372288,1
15,4715,VSM.FilterHorizontal,69120,1
15,4715,VSM.FilterVertical,0,0
15,4715,VSM.FilterTemporalVertical,162304,1
15,4715,VSM.ResetFeedback,0,1
16,4716,VSM.MarkReceiverPages,605952,1
16,4716,VSM.Allocate,612864,1
16,4716,VSM.ClearPhysicalPages,265472,1
16,4716,VSM.PageOccupancy,67072,1
16,4716,VSM.FinalizePages,2304,1
16,4716,VSM.DynamicRaster,97024,1
16,4716,VSM.LayoutRemap,0,1
16,4716,VSM.InvalidateStatic,0,0
16,4716,VSM.StaticCasterCull,524544,1
16,4716,VSM.DynamicCasterCull,0,1
16,4716,VSM.PageCull,170752,1
16,4716,VSM.StaticRaster,19200,1
16,4716,VSM.UnityCompatibilityRaster,0,0
16,4716,VSM.Resolve,7255808,1
16,4716,VSM.ResolveTrace,7022848,1
16,4716,VSM.FilterHorizontal,67840,1
16,4716,VSM.FilterVertical,0,0
16,4716,VSM.FilterTemporalVertical,163840,1
16,4716,VSM.ResetFeedback,0,1
17,4717,VSM.MarkReceiverPages,651264,1
17,4717,VSM.Allocate,624384,1
17,4717,VSM.ClearPhysicalPages,269824,1
17,4717,VSM.PageOccupancy,71424,1
17,4717,VSM.FinalizePages,2304,1
17,4717,VSM.DynamicRaster,91136,1
17,4717,VSM.LayoutRemap,0,1
17,4717,VSM.InvalidateStatic,0,0
17,4717,VSM.StaticCasterCull,213248,1
17,4717,VSM.DynamicCasterCull,0,1
17,4717,VSM.PageCull,192768,1
17,4717,VSM.StaticRaster,3584,1
17,4717,VSM.UnityCompatibilityRaster,0,0
17,4717,VSM.Resolve,7438336,1
17,4717,VSM.ResolveTrace,7207424,1
17,4717,VSM.FilterHorizontal,67840,1
17,4717,VSM.FilterVertical,0,0
17,4717,VSM.FilterTemporalVertical,161792,1
17,4717,VSM.ResetFeedback,0,1
18,4718,VSM.MarkReceiverPages,647680,1
18,4718,VSM.Allocate,620032,1
18,4718,VSM.ClearPhysicalPages,268800,1
18,4718,VSM.PageOccupancy,74496,1
18,4718,VSM.FinalizePages,2048,1
18,4718,VSM.DynamicRaster,95232,1
18,4718,VSM.LayoutRemap,0,1
18,4718,VSM.InvalidateStatic,0,0
18,4718,VSM.StaticCasterCull,209408,1
18,4718,VSM.DynamicCasterCull,0,1
18,4718,VSM.PageCull,190208,1
18,4718,VSM.StaticRaster,7680,1
18,4718,VSM.UnityCompatibilityRaster,0,0
18,4718,VSM.Resolve,7102720,1
18,4718,VSM.ResolveTrace,6873344,1
18,4718,VSM.FilterHorizontal,67328,1
18,4718,VSM.FilterVertical,0,0
18,4718,VSM.FilterTemporalVertical,161024,1
18,4718,VSM.ResetFeedback,0,1
19,4719,VSM.MarkReceiverPages,667904,1
19,4719,VSM.Allocate,632576,1
19,4719,VSM.ClearPhysicalPages,269056,1
19,4719,VSM.PageOccupancy,67584,1
19,4719,VSM.FinalizePages,2048,1
19,4719,VSM.DynamicRaster,90624,1
19,4719,VSM.LayoutRemap,0,1
19,4719,VSM.InvalidateStatic,0,0
19,4719,VSM.StaticCasterCull,208384,1
19,4719,VSM.DynamicCasterCull,0,1
19,4719,VSM.PageCull,187904,1
19,4719,VSM.StaticRaster,3584,1
19,4719,VSM.UnityCompatibilityRaster,0,0
19,4719,VSM.Resolve,7457280,1
19,4719,VSM.ResolveTrace,7231744,1
19,4719,VSM.FilterHorizontal,67328,1
19,4719,VSM.FilterVertical,0,0
19,4719,VSM.FilterTemporalVertical,156928,1
19,4719,VSM.ResetFeedback,0,1
20,4720,VSM.MarkReceiverPages,605696,1
20,4720,VSM.Allocate,614656,1
20,4720,VSM.ClearPhysicalPages,261888,1
20,4720,VSM.PageOccupancy,63488,1
20,4720,VSM.FinalizePages,2048,1
20,4720,VSM.DynamicRaster,90880,1
20,4720,VSM.LayoutRemap,0,1
20,4720,VSM.InvalidateStatic,0,0
20,4720,VSM.StaticCasterCull,201216,1
20,4720,VSM.DynamicCasterCull,0,1
20,4720,VSM.PageCull,182272,1
20,4720,VSM.StaticRaster,7424,1
20,4720,VSM.UnityCompatibilityRaster,0,0
20,4720,VSM.Resolve,7340288,1
20,4720,VSM.ResolveTrace,7105792,1
20,4720,VSM.FilterHorizontal,72192,1
20,4720,VSM.FilterVertical,0,0
20,4720,VSM.FilterTemporalVertical,161280,1
20,4720,VSM.ResetFeedback,0,1
21,4721,VSM.MarkReceiverPages,606976,1
21,4721,VSM.Allocate,608256,1
21,4721,VSM.ClearPhysicalPages,264448,1
21,4721,VSM.PageOccupancy,70400,1
21,4721,VSM.FinalizePages,2304,1
21,4721,VSM.DynamicRaster,88832,1
21,4721,VSM.LayoutRemap,0,1
21,4721,VSM.InvalidateStatic,0,0
21,4721,VSM.StaticCasterCull,205056,1
21,4721,VSM.DynamicCasterCull,0,1
21,4721,VSM.PageCull,185856,1
21,4721,VSM.StaticRaster,7168,1
21,4721,VSM.UnityCompatibilityRaster,0,0
21,4721,VSM.Resolve,6823680,1
21,4721,VSM.ResolveTrace,6598144,1
21,4721,VSM.FilterHorizontal,65792,1
21,4721,VSM.FilterVertical,0,0
21,4721,VSM.FilterTemporalVertical,158720,1
21,4721,VSM.ResetFeedback,0,1
22,4722,VSM.MarkReceiverPages,606208,1
22,4722,VSM.Allocate,615424,1
22,4722,VSM.ClearPhysicalPages,266496,1
22,4722,VSM.PageOccupancy,67072,1
22,4722,VSM.FinalizePages,2048,1
22,4722,VSM.DynamicRaster,90112,1
22,4722,VSM.LayoutRemap,0,1
22,4722,VSM.InvalidateStatic,0,0
22,4722,VSM.StaticCasterCull,205056,1
22,4722,VSM.DynamicCasterCull,0,1
22,4722,VSM.PageCull,185856,1
22,4722,VSM.StaticRaster,7168,1
22,4722,VSM.UnityCompatibilityRaster,0,0
22,4722,VSM.Resolve,7538176,1
22,4722,VSM.ResolveTrace,7307776,1
22,4722,VSM.FilterHorizontal,67328,1
22,4722,VSM.FilterVertical,0,0
22,4722,VSM.FilterTemporalVertical,161536,1
22,4722,VSM.ResetFeedback,0,1
23,4723,VSM.MarkReceiverPages,648448,1
23,4723,VSM.Allocate,610304,1
23,4723,VSM.ClearPhysicalPages,270336,1
23,4723,VSM.PageOccupancy,62464,1
23,4723,VSM.FinalizePages,2048,1
23,4723,VSM.DynamicRaster,91648,1
23,4723,VSM.LayoutRemap,0,1
23,4723,VSM.InvalidateStatic,0,0
23,4723,VSM.StaticCasterCull,207872,1
23,4723,VSM.DynamicCasterCull,0,1
23,4723,VSM.PageCull,188672,1
23,4723,VSM.StaticRaster,7424,1
23,4723,VSM.UnityCompatibilityRaster,0,0
23,4723,VSM.Resolve,7267328,1
23,4723,VSM.ResolveTrace,7036928,1
23,4723,VSM.FilterHorizontal,67840,1
23,4723,VSM.FilterVertical,0,0
23,4723,VSM.FilterTemporalVertical,161280,1
23,4723,VSM.ResetFeedback,0,1
24,4724,VSM.MarkReceiverPages,1028864,1
24,4724,VSM.Allocate,668160,1
24,4724,VSM.ClearPhysicalPages,269056,1
24,4724,VSM.PageOccupancy,65792,1
24,4724,VSM.FinalizePages,2048,1
24,4724,VSM.DynamicRaster,91904,1
24,4724,VSM.LayoutRemap,0,1
24,4724,VSM.InvalidateStatic,0,0
24,4724,VSM.StaticCasterCull,211456,1
24,4724,VSM.DynamicCasterCull,0,1
24,4724,VSM.PageCull,191744,1
24,4724,VSM.StaticRaster,7424,1
24,4724,VSM.UnityCompatibilityRaster,0,0
24,4724,VSM.Resolve,6945792,1
24,4724,VSM.ResolveTrace,6719744,1
24,4724,VSM.FilterHorizontal,66560,1
24,4724,VSM.FilterVertical,0,0
24,4724,VSM.FilterTemporalVertical,158208,1
24,4724,VSM.ResetFeedback,0,1
25,4725,VSM.MarkReceiverPages,602880,1
25,4725,VSM.Allocate,601344,1
25,4725,VSM.ClearPhysicalPages,262144,1
25,4725,VSM.PageOccupancy,64256,1
25,4725,VSM.FinalizePages,1792,1
25,4725,VSM.DynamicRaster,90368,1
25,4725,VSM.LayoutRemap,0,1
25,4725,VSM.InvalidateStatic,0,0
25,4725,VSM.StaticCasterCull,204288,1
25,4725,VSM.DynamicCasterCull,0,1
25,4725,VSM.PageCull,185856,1
25,4725,VSM.StaticRaster,7424,1
25,4725,VSM.UnityCompatibilityRaster,0,0
25,4725,VSM.Resolve,7151360,1
25,4725,VSM.ResolveTrace,6926336,1
25,4725,VSM.FilterHorizontal,65536,1
25,4725,VSM.FilterVertical,0,0
25,4725,VSM.FilterTemporalVertical,158464,1
25,4725,VSM.ResetFeedback,0,1
26,4726,VSM.MarkReceiverPages,604928,1
26,4726,VSM.Allocate,609536,1
26,4726,VSM.ClearPhysicalPages,263424,1
26,4726,VSM.PageOccupancy,62208,1
26,4726,VSM.FinalizePages,1792,1
26,4726,VSM.DynamicRaster,90880,1
26,4726,VSM.LayoutRemap,0,1
26,4726,VSM.InvalidateStatic,0,0
26,4726,VSM.StaticCasterCull,205312,1
26,4726,VSM.DynamicCasterCull,0,1
26,4726,VSM.PageCull,186368,1
26,4726,VSM.StaticRaster,7424,1
26,4726,VSM.UnityCompatibilityRaster,0,0
26,4726,VSM.Resolve,7819008,1
26,4726,VSM.ResolveTrace,7588352,1
26,4726,VSM.FilterHorizontal,67584,1
26,4726,VSM.FilterVertical,0,0
26,4726,VSM.FilterTemporalVertical,161536,1
26,4726,VSM.ResetFeedback,0,1
27,4727,VSM.MarkReceiverPages,648192,1
27,4727,VSM.Allocate,633088,1
27,4727,VSM.ClearPhysicalPages,270592,1
27,4727,VSM.PageOccupancy,67328,1
27,4727,VSM.FinalizePages,2048,1
27,4727,VSM.DynamicRaster,90624,1
27,4727,VSM.LayoutRemap,0,1
27,4727,VSM.InvalidateStatic,0,0
27,4727,VSM.StaticCasterCull,207872,1
27,4727,VSM.DynamicCasterCull,0,1
27,4727,VSM.PageCull,188416,1
27,4727,VSM.StaticRaster,7680,1
27,4727,VSM.UnityCompatibilityRaster,0,0
27,4727,VSM.Resolve,7595520,1
27,4727,VSM.ResolveTrace,7199744,1
27,4727,VSM.FilterHorizontal,68352,1
27,4727,VSM.FilterVertical,0,0
27,4727,VSM.FilterTemporalVertical,159232,1
27,4727,VSM.ResetFeedback,0,1
28,4728,VSM.MarkReceiverPages,646656,1
28,4728,VSM.Allocate,631552,1
28,4728,VSM.ClearPhysicalPages,268800,1
28,4728,VSM.PageOccupancy,69632,1
28,4728,VSM.FinalizePages,2048,1
28,4728,VSM.DynamicRaster,95488,1
28,4728,VSM.LayoutRemap,0,1
28,4728,VSM.InvalidateStatic,0,0
28,4728,VSM.StaticCasterCull,214272,1
28,4728,VSM.DynamicCasterCull,0,1
28,4728,VSM.PageCull,194560,1
28,4728,VSM.StaticRaster,7424,1
28,4728,VSM.UnityCompatibilityRaster,0,0
28,4728,VSM.Resolve,7107584,1
28,4728,VSM.ResolveTrace,6880000,1
28,4728,VSM.FilterHorizontal,66304,1
28,4728,VSM.FilterVertical,0,0
28,4728,VSM.FilterTemporalVertical,160000,1
28,4728,VSM.ResetFeedback,0,1
29,4729,VSM.MarkReceiverPages,648448,1
29,4729,VSM.Allocate,613376,1
29,4729,VSM.ClearPhysicalPages,268544,1
29,4729,VSM.PageOccupancy,70656,1
29,4729,VSM.FinalizePages,2304,1
29,4729,VSM.DynamicRaster,89088,1
29,4729,VSM.LayoutRemap,0,1
29,4729,VSM.InvalidateStatic,0,0
29,4729,VSM.StaticCasterCull,212224,1
29,4729,VSM.DynamicCasterCull,0,1
29,4729,VSM.PageCull,192768,1
29,4729,VSM.StaticRaster,7168,1
29,4729,VSM.UnityCompatibilityRaster,0,0
29,4729,VSM.Resolve,7960576,1
29,4729,VSM.ResolveTrace,7366144,1
29,4729,VSM.FilterHorizontal,69120,1
29,4729,VSM.FilterVertical,0,0
29,4729,VSM.FilterTemporalVertical,160000,1
29,4729,VSM.ResetFeedback,0,1
30,4730,VSM.MarkReceiverPages,605184,1
30,4730,VSM.Allocate,617216,1
30,4730,VSM.ClearPhysicalPages,264960,1
30,4730,VSM.PageOccupancy,65024,1
30,4730,VSM.FinalizePages,1792,1
30,4730,VSM.DynamicRaster,91648,1
30,4730,VSM.LayoutRemap,0,1
30,4730,VSM.InvalidateStatic,0,0
30,4730,VSM.StaticCasterCull,198656,1
30,4730,VSM.DynamicCasterCull,0,1
30,4730,VSM.PageCull,179712,1
30,4730,VSM.StaticRaster,3072,1
30,4730,VSM.UnityCompatibilityRaster,0,0
30,4730,VSM.Resolve,7579648,1
30,4730,VSM.ResolveTrace,7351296,1
30,4730,VSM.FilterHorizontal,67328,1
30,4730,VSM.FilterVertical,0,0
30,4730,VSM.FilterTemporalVertical,160000,1
30,4730,VSM.ResetFeedback,0,1
31,4731,VSM.MarkReceiverPages,608512,1
31,4731,VSM.Allocate,618752,1
31,4731,VSM.ClearPhysicalPages,265472,1
31,4731,VSM.PageOccupancy,65280,1
31,4731,VSM.FinalizePages,1536,1
31,4731,VSM.DynamicRaster,87040,1
31,4731,VSM.LayoutRemap,0,1
31,4731,VSM.InvalidateStatic,0,0
31,4731,VSM.StaticCasterCull,206080,1
31,4731,VSM.DynamicCasterCull,0,1
31,4731,VSM.PageCull,187392,1
31,4731,VSM.StaticRaster,7168,1
31,4731,VSM.UnityCompatibilityRaster,0,0
31,4731,VSM.Resolve,7326976,1
31,4731,VSM.ResolveTrace,7101184,1
31,4731,VSM.FilterHorizontal,66560,1
31,4731,VSM.FilterVertical,0,0
31,4731,VSM.FilterTemporalVertical,158208,1
31,4731,VSM.ResetFeedback,0,1
32,4732,VSM.MarkReceiverPages,608000,1
32,4732,VSM.Allocate,607488,1
32,4732,VSM.ClearPhysicalPages,265216,1
32,4732,VSM.PageOccupancy,62976,1
32,4732,VSM.FinalizePages,2048,1
32,4732,VSM.DynamicRaster,88832,1
32,4732,VSM.LayoutRemap,0,1
32,4732,VSM.InvalidateStatic,0,0
32,4732,VSM.StaticCasterCull,207104,1
32,4732,VSM.DynamicCasterCull,0,1
32,4732,VSM.PageCull,187904,1
32,4732,VSM.StaticRaster,7424,1
32,4732,VSM.UnityCompatibilityRaster,0,0
32,4732,VSM.Resolve,7043840,1
32,4732,VSM.ResolveTrace,6814464,1
32,4732,VSM.FilterHorizontal,67840,1
32,4732,VSM.FilterVertical,0,0
32,4732,VSM.FilterTemporalVertical,160768,1
32,4732,VSM.ResetFeedback,0,1
33,4733,VSM.MarkReceiverPages,650240,1
33,4733,VSM.Allocate,617472,1
33,4733,VSM.ClearPhysicalPages,270336,1
33,4733,VSM.PageOccupancy,69376,1
33,4733,VSM.FinalizePages,2304,1
33,4733,VSM.DynamicRaster,90112,1
33,4733,VSM.LayoutRemap,0,1
33,4733,VSM.InvalidateStatic,0,0
33,4733,VSM.StaticCasterCull,208128,1
33,4733,VSM.DynamicCasterCull,0,1
33,4733,VSM.PageCull,188160,1
33,4733,VSM.StaticRaster,7168,1
33,4733,VSM.UnityCompatibilityRaster,0,0
33,4733,VSM.Resolve,7296512,1
33,4733,VSM.ResolveTrace,7065088,1
33,4733,VSM.FilterHorizontal,68608,1
33,4733,VSM.FilterVertical,0,0
33,4733,VSM.FilterTemporalVertical,162048,1
33,4733,VSM.ResetFeedback,0,1
34,4734,VSM.MarkReceiverPages,647168,1
34,4734,VSM.Allocate,631552,1
34,4734,VSM.ClearPhysicalPages,265216,1
34,4734,VSM.PageOccupancy,72448,1
34,4734,VSM.FinalizePages,2304,1
34,4734,VSM.DynamicRaster,91136,1
34,4734,VSM.LayoutRemap,0,1
34,4734,VSM.InvalidateStatic,0,0
34,4734,VSM.StaticCasterCull,211456,1
34,4734,VSM.DynamicCasterCull,0,1
34,4734,VSM.PageCull,192512,1
34,4734,VSM.StaticRaster,7168,1
34,4734,VSM.UnityCompatibilityRaster,0,0
34,4734,VSM.Resolve,7060480,1
34,4734,VSM.ResolveTrace,6829312,1
34,4734,VSM.FilterHorizontal,68352,1
34,4734,VSM.FilterVertical,0,0
34,4734,VSM.FilterTemporalVertical,161280,1
34,4734,VSM.ResetFeedback,0,1
35,4735,VSM.MarkReceiverPages,608256,1
35,4735,VSM.Allocate,624384,1
35,4735,VSM.ClearPhysicalPages,264448,1
35,4735,VSM.PageOccupancy,61952,1
35,4735,VSM.FinalizePages,2048,1
35,4735,VSM.DynamicRaster,83456,1
35,4735,VSM.LayoutRemap,0,1
35,4735,VSM.InvalidateStatic,0,0
35,4735,VSM.StaticCasterCull,203264,1
35,4735,VSM.DynamicCasterCull,0,1
35,4735,VSM.PageCull,184320,1
35,4735,VSM.StaticRaster,3328,1
35,4735,VSM.UnityCompatibilityRaster,0,0
35,4735,VSM.Resolve,7239936,1
35,4735,VSM.ResolveTrace,7011584,1
35,4735,VSM.FilterHorizontal,66816,1
35,4735,VSM.FilterVertical,0,0
35,4735,VSM.FilterTemporalVertical,160000,1
35,4735,VSM.ResetFeedback,0,1
36,4736,VSM.MarkReceiverPages,606720,1
36,4736,VSM.Allocate,603136,1
36,4736,VSM.ClearPhysicalPages,265216,1
36,4736,VSM.PageOccupancy,63232,1
36,4736,VSM.FinalizePages,2048,1
36,4736,VSM.DynamicRaster,90880,1
36,4736,VSM.LayoutRemap,0,1
36,4736,VSM.InvalidateStatic,0,0
36,4736,VSM.StaticCasterCull,207872,1
36,4736,VSM.DynamicCasterCull,0,1
36,4736,VSM.PageCull,188928,1
36,4736,VSM.StaticRaster,7168,1
36,4736,VSM.UnityCompatibilityRaster,0,0
36,4736,VSM.Resolve,7656192,1
36,4736,VSM.ResolveTrace,7424768,1
36,4736,VSM.FilterHorizontal,68864,1
36,4736,VSM.FilterVertical,0,0
36,4736,VSM.FilterTemporalVertical,161792,1
36,4736,VSM.ResetFeedback,0,1
37,4737,VSM.MarkReceiverPages,768768,1
37,4737,VSM.Allocate,621312,1
37,4737,VSM.ClearPhysicalPages,269056,1
37,4737,VSM.PageOccupancy,64256,1
37,4737,VSM.FinalizePages,2304,1
37,4737,VSM.DynamicRaster,90368,1
37,4737,VSM.LayoutRemap,0,1
37,4737,VSM.InvalidateStatic,0,0
37,4737,VSM.StaticCasterCull,209920,1
37,4737,VSM.DynamicCasterCull,0,1
37,4737,VSM.PageCull,189952,1
37,4737,VSM.StaticRaster,7168,1
37,4737,VSM.UnityCompatibilityRaster,0,0
37,4737,VSM.Resolve,8639488,1
37,4737,VSM.ResolveTrace,8235008,1
37,4737,VSM.FilterHorizontal,242688,1
37,4737,VSM.FilterVertical,0,0
37,4737,VSM.FilterTemporalVertical,160512,1
37,4737,VSM.ResetFeedback,0,1
38,4738,VSM.MarkReceiverPages,648960,1
38,4738,VSM.Allocate,627200,1
38,4738,VSM.ClearPhysicalPages,268288,1
38,4738,VSM.PageOccupancy,66048,1
38,4738,VSM.FinalizePages,2560,1
38,4738,VSM.DynamicRaster,96512,1
38,4738,VSM.LayoutRemap,0,1
38,4738,VSM.InvalidateStatic,0,0
38,4738,VSM.StaticCasterCull,600064,1
38,4738,VSM.DynamicCasterCull,0,1
38,4738,VSM.PageCull,157696,1
38,4738,VSM.StaticRaster,30720,1
38,4738,VSM.UnityCompatibilityRaster,0,0
38,4738,VSM.Resolve,7290368,1
38,4738,VSM.ResolveTrace,7063296,1
38,4738,VSM.FilterHorizontal,67328,1
38,4738,VSM.FilterVertical,0,0
38,4738,VSM.FilterTemporalVertical,158720,1
38,4738,VSM.ResetFeedback,0,1
39,4739,VSM.MarkReceiverPages,604672,1
39,4739,VSM.Allocate,610048,1
39,4739,VSM.ClearPhysicalPages,261376,1
39,4739,VSM.PageOccupancy,64000,1
39,4739,VSM.FinalizePages,1536,1
39,4739,VSM.DynamicRaster,91136,1
39,4739,VSM.LayoutRemap,0,1
39,4739,VSM.InvalidateStatic,0,0
39,4739,VSM.StaticCasterCull,205824,1
39,4739,VSM.DynamicCasterCull,0,1
39,4739,VSM.PageCull,187136,1
39,4739,VSM.StaticRaster,7680,1
39,4739,VSM.UnityCompatibilityRaster,0,0
39,4739,VSM.Resolve,7674368,1
39,4739,VSM.ResolveTrace,7445504,1
39,4739,VSM.FilterHorizontal,67840,1
39,4739,VSM.FilterVertical,0,0
39,4739,VSM.FilterTemporalVertical,160000,1
39,4739,VSM.ResetFeedback,0,1
40,4740,VSM.MarkReceiverPages,603648,1
40,4740,VSM.Allocate,615936,1
40,4740,VSM.ClearPhysicalPages,262400,1
40,4740,VSM.PageOccupancy,267264,1
40,4740,VSM.FinalizePages,2304,1
40,4740,VSM.DynamicRaster,93184,1
40,4740,VSM.LayoutRemap,0,1
40,4740,VSM.InvalidateStatic,0,0
40,4740,VSM.StaticCasterCull,208384,1
40,4740,VSM.DynamicCasterCull,0,1
40,4740,VSM.PageCull,189184,1
40,4740,VSM.StaticRaster,7168,1
40,4740,VSM.UnityCompatibilityRaster,0,0
40,4740,VSM.Resolve,7122688,1
40,4740,VSM.ResolveTrace,6892544,1
40,4740,VSM.FilterHorizontal,67584,1
40,4740,VSM.FilterVertical,0,0
40,4740,VSM.FilterTemporalVertical,161280,1
40,4740,VSM.ResetFeedback,0,1
41,4741,VSM.MarkReceiverPages,608000,1
41,4741,VSM.Allocate,614400,1
41,4741,VSM.ClearPhysicalPages,263936,1
41,4741,VSM.PageOccupancy,69632,1
41,4741,VSM.FinalizePages,2560,1
41,4741,VSM.DynamicRaster,87040,1
41,4741,VSM.LayoutRemap,0,1
41,4741,VSM.InvalidateStatic,0,0
41,4741,VSM.StaticCasterCull,207360,1
41,4741,VSM.DynamicCasterCull,0,1
41,4741,VSM.PageCull,188416,1
41,4741,VSM.StaticRaster,7168,1
41,4741,VSM.UnityCompatibilityRaster,0,0
41,4741,VSM.Resolve,6966016,1
41,4741,VSM.ResolveTrace,6740224,1
41,4741,VSM.FilterHorizontal,66560,1
41,4741,VSM.FilterVertical,0,0
41,4741,VSM.FilterTemporalVertical,158208,1
41,4741,VSM.ResetFeedback,0,1
42,4742,VSM.MarkReceiverPages,605952,1
42,4742,VSM.Allocate,610560,1
42,4742,VSM.ClearPhysicalPages,265728,1
42,4742,VSM.PageOccupancy,69632,1
42,4742,VSM.FinalizePages,2048,1
42,4742,VSM.DynamicRaster,89088,1
42,4742,VSM.LayoutRemap,0,1
42,4742,VSM.InvalidateStatic,0,0
42,4742,VSM.StaticCasterCull,209664,1
42,4742,VSM.DynamicCasterCull,0,1
42,4742,VSM.PageCull,190464,1
42,4742,VSM.StaticRaster,7168,1
42,4742,VSM.UnityCompatibilityRaster,0,0
42,4742,VSM.Resolve,7119360,1
42,4742,VSM.ResolveTrace,6889216,1
42,4742,VSM.FilterHorizontal,68608,1
42,4742,VSM.FilterVertical,0,0
42,4742,VSM.FilterTemporalVertical,160512,1
42,4742,VSM.ResetFeedback,0,1
43,4743,VSM.MarkReceiverPages,605952,1
43,4743,VSM.Allocate,623616,1
43,4743,VSM.ClearPhysicalPages,264960,1
43,4743,VSM.PageOccupancy,62464,1
43,4743,VSM.FinalizePages,2560,1
43,4743,VSM.DynamicRaster,84480,1
43,4743,VSM.LayoutRemap,0,1
43,4743,VSM.InvalidateStatic,0,0
43,4743,VSM.StaticCasterCull,204032,1
43,4743,VSM.DynamicCasterCull,0,1
43,4743,VSM.PageCull,185088,1
43,4743,VSM.StaticRaster,3840,1
43,4743,VSM.UnityCompatibilityRaster,0,0
43,4743,VSM.Resolve,7241984,1
43,4743,VSM.ResolveTrace,6998016,1
43,4743,VSM.FilterHorizontal,66816,1
43,4743,VSM.FilterVertical,0,0
43,4743,VSM.FilterTemporalVertical,176128,1
43,4743,VSM.ResetFeedback,0,1
44,4744,VSM.MarkReceiverPages,998912,1
44,4744,VSM.Allocate,643840,1
44,4744,VSM.ClearPhysicalPages,264448,1
44,4744,VSM.PageOccupancy,64512,1
44,4744,VSM.FinalizePages,2048,1
44,4744,VSM.DynamicRaster,92416,1
44,4744,VSM.LayoutRemap,0,1
44,4744,VSM.InvalidateStatic,0,0
44,4744,VSM.StaticCasterCull,563968,1
44,4744,VSM.DynamicCasterCull,0,1
44,4744,VSM.PageCull,188672,1
44,4744,VSM.StaticRaster,8704,1
44,4744,VSM.UnityCompatibilityRaster,0,0
44,4744,VSM.Resolve,7696128,1
44,4744,VSM.ResolveTrace,7468544,1
44,4744,VSM.FilterHorizontal,67584,1
44,4744,VSM.FilterVertical,0,0
44,4744,VSM.FilterTemporalVertical,158976,1
44,4744,VSM.ResetFeedback,0,1
45,4745,VSM.MarkReceiverPages,605440,1
45,4745,VSM.Allocate,616960,1
45,4745,VSM.ClearPhysicalPages,263936,1
45,4745,VSM.PageOccupancy,62208,1
45,4745,VSM.FinalizePages,1536,1
45,4745,VSM.DynamicRaster,91136,1
45,4745,VSM.LayoutRemap,0,1
45,4745,VSM.InvalidateStatic,0,0
45,4745,VSM.StaticCasterCull,209152,1
45,4745,VSM.DynamicCasterCull,0,1
45,4745,VSM.PageCull,190208,1
45,4745,VSM.StaticRaster,3328,1
45,4745,VSM.UnityCompatibilityRaster,0,0
45,4745,VSM.Resolve,8506880,1
45,4745,VSM.ResolveTrace,8274432,1
45,4745,VSM.FilterHorizontal,69632,1
45,4745,VSM.FilterVertical,0,0
45,4745,VSM.FilterTemporalVertical,161792,1
45,4745,VSM.ResetFeedback,0,1
46,4746,VSM.MarkReceiverPages,650496,1
46,4746,VSM.Allocate,622592,1
46,4746,VSM.ClearPhysicalPages,268800,1
46,4746,VSM.PageOccupancy,67584,1
46,4746,VSM.FinalizePages,2048,1
46,4746,VSM.DynamicRaster,92928,1
46,4746,VSM.LayoutRemap,0,1
46,4746,VSM.InvalidateStatic,0,0
46,4746,VSM.StaticCasterCull,558592,1
46,4746,VSM.DynamicCasterCull,0,1
46,4746,VSM.PageCull,199680,1
46,4746,VSM.StaticRaster,7424,1
46,4746,VSM.UnityCompatibilityRaster,0,0
46,4746,VSM.Resolve,7733248,1
46,4746,VSM.ResolveTrace,7487488,1
46,4746,VSM.FilterHorizontal,68864,1
46,4746,VSM.FilterVertical,0,0
46,4746,VSM.FilterTemporalVertical,175616,1
46,4746,VSM.ResetFeedback,0,1
47,4747,VSM.MarkReceiverPages,605184,1
47,4747,VSM.Allocate,620032,1
47,4747,VSM.ClearPhysicalPages,266240,1
47,4747,VSM.PageOccupancy,69888,1
47,4747,VSM.FinalizePages,2048,1
47,4747,VSM.DynamicRaster,89600,1
47,4747,VSM.LayoutRemap,0,1
47,4747,VSM.InvalidateStatic,0,0
47,4747,VSM.StaticCasterCull,205056,1
47,4747,VSM.DynamicCasterCull,0,1
47,4747,VSM.PageCull,186368,1
47,4747,VSM.StaticRaster,3072,1
47,4747,VSM.UnityCompatibilityRaster,0,0
47,4747,VSM.Resolve,7595008,1
47,4747,VSM.ResolveTrace,7363840,1
47,4747,VSM.FilterHorizontal,68096,1
47,4747,VSM.FilterVertical,0,0
47,4747,VSM.FilterTemporalVertical,162048,1
47,4747,VSM.ResetFeedback,0,1
48,4748,VSM.MarkReceiverPages,647424,1
48,4748,VSM.Allocate,631040,1
48,4748,VSM.ClearPhysicalPages,269056,1
48,4748,VSM.PageOccupancy,88064,1
48,4748,VSM.FinalizePages,1792,1
48,4748,VSM.DynamicRaster,98560,1
48,4748,VSM.LayoutRemap,0,1
48,4748,VSM.InvalidateStatic,0,0
48,4748,VSM.StaticCasterCull,207616,1
48,4748,VSM.DynamicCasterCull,0,1
48,4748,VSM.PageCull,187648,1
48,4748,VSM.StaticRaster,3328,1
48,4748,VSM.UnityCompatibilityRaster,0,0
48,4748,VSM.Resolve,7951616,1
48,4748,VSM.ResolveTrace,7350528,1
48,4748,VSM.FilterHorizontal,68096,1
48,4748,VSM.FilterVertical,0,0
48,4748,VSM.FilterTemporalVertical,531456,1
48,4748,VSM.ResetFeedback,0,1
49,4749,VSM.MarkReceiverPages,648448,1
49,4749,VSM.Allocate,608512,1
49,4749,VSM.ClearPhysicalPages,267520,1
49,4749,VSM.PageOccupancy,61440,1
49,4749,VSM.FinalizePages,1792,1
49,4749,VSM.DynamicRaster,95488,1
49,4749,VSM.LayoutRemap,0,1
49,4749,VSM.InvalidateStatic,0,0
49,4749,VSM.StaticCasterCull,205568,1
49,4749,VSM.DynamicCasterCull,0,1
49,4749,VSM.PageCull,186880,1
49,4749,VSM.StaticRaster,3584,1
49,4749,VSM.UnityCompatibilityRaster,0,0
49,4749,VSM.Resolve,6780672,1
49,4749,VSM.ResolveTrace,5875200,1
49,4749,VSM.FilterHorizontal,64256,1
49,4749,VSM.FilterVertical,0,0
49,4749,VSM.FilterTemporalVertical,840448,1
49,4749,VSM.ResetFeedback,0,1
50,4750,VSM.MarkReceiverPages,605440,1
50,4750,VSM.Allocate,615936,1
50,4750,VSM.ClearPhysicalPages,262144,1
50,4750,VSM.PageOccupancy,61952,1
50,4750,VSM.FinalizePages,2048,1
50,4750,VSM.DynamicRaster,88320,1
50,4750,VSM.LayoutRemap,0,1
50,4750,VSM.InvalidateStatic,0,0
50,4750,VSM.StaticCasterCull,199680,1
50,4750,VSM.DynamicCasterCull,0,1
50,4750,VSM.PageCull,180480,1
50,4750,VSM.StaticRaster,7168,1
50,4750,VSM.UnityCompatibilityRaster,0,0
50,4750,VSM.Resolve,7606016,1
50,4750,VSM.ResolveTrace,7376640,1
50,4750,VSM.FilterHorizontal,68096,1
50,4750,VSM.FilterVertical,0,0
50,4750,VSM.FilterTemporalVertical,160256,1
50,4750,VSM.ResetFeedback,0,1
51,4751,VSM.MarkReceiverPages,608000,1
51,4751,VSM.Allocate,611072,1
51,4751,VSM.ClearPhysicalPages,263424,1
51,4751,VSM.PageOccupancy,63232,1
51,4751,VSM.FinalizePages,2304,1
51,4751,VSM.DynamicRaster,90112,1
51,4751,VSM.LayoutRemap,0,1
51,4751,VSM.InvalidateStatic,0,0
51,4751,VSM.StaticCasterCull,206848,1
51,4751,VSM.DynamicCasterCull,0,1
51,4751,VSM.PageCull,187648,1
51,4751,VSM.StaticRaster,6400,1
51,4751,VSM.UnityCompatibilityRaster,0,0
51,4751,VSM.Resolve,7134464,1
51,4751,VSM.ResolveTrace,6907136,1
51,4751,VSM.FilterHorizontal,67840,1
51,4751,VSM.FilterVertical,0,0
51,4751,VSM.FilterTemporalVertical,158464,1
51,4751,VSM.ResetFeedback,0,1
52,4752,VSM.MarkReceiverPages,648704,1
52,4752,VSM.Allocate,617728,1
52,4752,VSM.ClearPhysicalPages,270336,1
52,4752,VSM.PageOccupancy,74752,1
52,4752,VSM.FinalizePages,2048,1
52,4752,VSM.DynamicRaster,93696,1
52,4752,VSM.LayoutRemap,0,1
52,4752,VSM.InvalidateStatic,0,0
52,4752,VSM.StaticCasterCull,210688,1
52,4752,VSM.DynamicCasterCull,0,1
52,4752,VSM.PageCull,190976,1
52,4752,VSM.StaticRaster,7168,1
52,4752,VSM.UnityCompatibilityRaster,0,0
52,4752,VSM.Resolve,6819328,1
52,4752,VSM.ResolveTrace,6589952,1
52,4752,VSM.FilterHorizontal,68352,1
52,4752,VSM.FilterVertical,0,0
52,4752,VSM.FilterTemporalVertical,160000,1
52,4752,VSM.ResetFeedback,0,1
53,4753,VSM.MarkReceiverPages,648960,1
53,4753,VSM.Allocate,633856,1
53,4753,VSM.ClearPhysicalPages,270336,1
53,4753,VSM.PageOccupancy,66560,1
53,4753,VSM.FinalizePages,2304,1
53,4753,VSM.DynamicRaster,91136,1
53,4753,VSM.LayoutRemap,0,1
53,4753,VSM.InvalidateStatic,0,0
53,4753,VSM.StaticCasterCull,207616,1
53,4753,VSM.DynamicCasterCull,0,1
53,4753,VSM.PageCull,187648,1
53,4753,VSM.StaticRaster,10496,1
53,4753,VSM.UnityCompatibilityRaster,0,0
53,4753,VSM.Resolve,8042496,1
53,4753,VSM.ResolveTrace,7810560,1
53,4753,VSM.FilterHorizontal,69120,1
53,4753,VSM.FilterVertical,0,0
53,4753,VSM.FilterTemporalVertical,161536,1
53,4753,VSM.ResetFeedback,0,1
54,4754,VSM.MarkReceiverPages,647168,1
54,4754,VSM.Allocate,616960,1
54,4754,VSM.ClearPhysicalPages,502272,1
54,4754,VSM.PageOccupancy,63232,1
54,4754,VSM.FinalizePages,2048,1
54,4754,VSM.DynamicRaster,90880,1
54,4754,VSM.LayoutRemap,0,1
54,4754,VSM.InvalidateStatic,0,0
54,4754,VSM.StaticCasterCull,214272,1
54,4754,VSM.DynamicCasterCull,0,1
54,4754,VSM.PageCull,189184,1
54,4754,VSM.StaticRaster,11520,1
54,4754,VSM.UnityCompatibilityRaster,0,0
54,4754,VSM.Resolve,7597824,1
54,4754,VSM.ResolveTrace,7367680,1
54,4754,VSM.FilterHorizontal,68608,1
54,4754,VSM.FilterVertical,0,0
54,4754,VSM.FilterTemporalVertical,160256,1
54,4754,VSM.ResetFeedback,0,1
55,4755,VSM.MarkReceiverPages,604928,1
55,4755,VSM.Allocate,607488,1
55,4755,VSM.ClearPhysicalPages,264192,1
55,4755,VSM.PageOccupancy,62464,1
55,4755,VSM.FinalizePages,1536,1
55,4755,VSM.DynamicRaster,87296,1
55,4755,VSM.LayoutRemap,0,1
55,4755,VSM.InvalidateStatic,0,0
55,4755,VSM.StaticCasterCull,202496,1
55,4755,VSM.DynamicCasterCull,0,1
55,4755,VSM.PageCull,184064,1
55,4755,VSM.StaticRaster,7424,1
55,4755,VSM.UnityCompatibilityRaster,0,0
55,4755,VSM.Resolve,7200512,1
55,4755,VSM.ResolveTrace,6974976,1
55,4755,VSM.FilterHorizontal,66048,1
55,4755,VSM.FilterVertical,0,0
55,4755,VSM.FilterTemporalVertical,158720,1
55,4755,VSM.ResetFeedback,0,1
56,4756,VSM.MarkReceiverPages,647168,1
56,4756,VSM.Allocate,612096,1
56,4756,VSM.ClearPhysicalPages,270080,1
56,4756,VSM.PageOccupancy,87808,1
56,4756,VSM.FinalizePages,2304,1
56,4756,VSM.DynamicRaster,91136,1
56,4756,VSM.LayoutRemap,0,1
56,4756,VSM.InvalidateStatic,0,0
56,4756,VSM.StaticCasterCull,207616,1
56,4756,VSM.DynamicCasterCull,0,1
56,4756,VSM.PageCull,188160,1
56,4756,VSM.StaticRaster,3328,1
56,4756,VSM.UnityCompatibilityRaster,0,0
56,4756,VSM.Resolve,7594496,1
56,4756,VSM.ResolveTrace,7362816,1
56,4756,VSM.FilterHorizontal,69120,1
56,4756,VSM.FilterVertical,0,0
56,4756,VSM.FilterTemporalVertical,161280,1
56,4756,VSM.ResetFeedback,0,1
57,4757,VSM.MarkReceiverPages,649472,1
57,4757,VSM.Allocate,617216,1
57,4757,VSM.ClearPhysicalPages,270336,1
57,4757,VSM.PageOccupancy,68096,1
57,4757,VSM.FinalizePages,2304,1
57,4757,VSM.DynamicRaster,91904,1
57,4757,VSM.LayoutRemap,0,1
57,4757,VSM.InvalidateStatic,0,0
57,4757,VSM.StaticCasterCull,211968,1
57,4757,VSM.DynamicCasterCull,0,1
57,4757,VSM.PageCull,191744,1
57,4757,VSM.StaticRaster,7168,1
57,4757,VSM.UnityCompatibilityRaster,0,0
57,4757,VSM.Resolve,7351296,1
57,4757,VSM.ResolveTrace,7121408,1
57,4757,VSM.FilterHorizontal,67840,1
57,4757,VSM.FilterVertical,0,0
57,4757,VSM.FilterTemporalVertical,160768,1
57,4757,VSM.ResetFeedback,0,1
58,4758,VSM.MarkReceiverPages,646656,1
58,4758,VSM.Allocate,616960,1
58,4758,VSM.ClearPhysicalPages,269312,1
58,4758,VSM.PageOccupancy,87552,1
58,4758,VSM.FinalizePages,1792,1
58,4758,VSM.DynamicRaster,91904,1
58,4758,VSM.LayoutRemap,0,1
58,4758,VSM.InvalidateStatic,0,0
58,4758,VSM.StaticCasterCull,214784,1
58,4758,VSM.DynamicCasterCull,0,1
58,4758,VSM.PageCull,195328,1
58,4758,VSM.StaticRaster,9728,1
58,4758,VSM.UnityCompatibilityRaster,0,0
58,4758,VSM.Resolve,7689472,1
58,4758,VSM.ResolveTrace,7456256,1
58,4758,VSM.FilterHorizontal,69376,1
58,4758,VSM.FilterVertical,0,0
58,4758,VSM.FilterTemporalVertical,162304,1
58,4758,VSM.ResetFeedback,256,1
59,4759,VSM.MarkReceiverPages,647680,1
59,4759,VSM.Allocate,616960,1
59,4759,VSM.ClearPhysicalPages,268544,1
59,4759,VSM.PageOccupancy,69376,1
59,4759,VSM.FinalizePages,2560,1
59,4759,VSM.DynamicRaster,92672,1
59,4759,VSM.LayoutRemap,0,1
59,4759,VSM.InvalidateStatic,0,0
59,4759,VSM.StaticCasterCull,208896,1
59,4759,VSM.DynamicCasterCull,0,1
59,4759,VSM.PageCull,189440,1
59,4759,VSM.StaticRaster,8704,1
59,4759,VSM.UnityCompatibilityRaster,0,0
59,4759,VSM.Resolve,7374080,1
59,4759,VSM.ResolveTrace,6768896,1
59,4759,VSM.FilterHorizontal,65792,1
59,4759,VSM.FilterVertical,0,0
59,4759,VSM.FilterTemporalVertical,538112,1
59,4759,VSM.ResetFeedback,0,1
60,4760,VSM.MarkReceiverPages,604928,1
60,4760,VSM.Allocate,608256,1
60,4760,VSM.ClearPhysicalPages,263424,1
60,4760,VSM.PageOccupancy,64512,1
60,4760,VSM.FinalizePages,1536,1
60,4760,VSM.DynamicRaster,89088,1
60,4760,VSM.LayoutRemap,0,1
60,4760,VSM.InvalidateStatic,0,0
60,4760,VSM.StaticCasterCull,212736,1
60,4760,VSM.DynamicCasterCull,0,1
60,4760,VSM.PageCull,194048,1
60,4760,VSM.StaticRaster,6912,1
60,4760,VSM.UnityCompatibilityRaster,0,0
60,4760,VSM.Resolve,7966208,1
60,4760,VSM.ResolveTrace,6828544,1
60,4760,VSM.FilterHorizontal,67328,1
60,4760,VSM.FilterVertical,0,0
60,4760,VSM.FilterTemporalVertical,158720,1
60,4760,VSM.ResetFeedback,0,1
61,4761,VSM.MarkReceiverPages,605952,1
61,4761,VSM.Allocate,615680,1
61,4761,VSM.ClearPhysicalPages,263424,1
61,4761,VSM.PageOccupancy,86784,1
61,4761,VSM.FinalizePages,1792,1
61,4761,VSM.DynamicRaster,91392,1
61,4761,VSM.LayoutRemap,0,1
61,4761,VSM.InvalidateStatic,0,0
61,4761,VSM.StaticCasterCull,208896,1
61,4761,VSM.DynamicCasterCull,0,1
61,4761,VSM.PageCull,189696,1
61,4761,VSM.StaticRaster,7168,1
61,4761,VSM.UnityCompatibilityRaster,0,0
61,4761,VSM.Resolve,7037696,1
61,4761,VSM.ResolveTrace,6810112,1
61,4761,VSM.FilterHorizontal,66560,1
61,4761,VSM.FilterVertical,0,0
61,4761,VSM.FilterTemporalVertical,159744,1
61,4761,VSM.ResetFeedback,256,1
62,4762,VSM.MarkReceiverPages,650240,1
62,4762,VSM.Allocate,618496,1
62,4762,VSM.ClearPhysicalPages,269824,1
62,4762,VSM.PageOccupancy,69120,1
62,4762,VSM.FinalizePages,3328,1
62,4762,VSM.DynamicRaster,90624,1
62,4762,VSM.LayoutRemap,0,1
62,4762,VSM.InvalidateStatic,0,0
62,4762,VSM.StaticCasterCull,204800,1
62,4762,VSM.DynamicCasterCull,0,1
62,4762,VSM.PageCull,184832,1
62,4762,VSM.StaticRaster,7168,1
62,4762,VSM.UnityCompatibilityRaster,0,0
62,4762,VSM.Resolve,7433984,1
62,4762,VSM.ResolveTrace,7202048,1
62,4762,VSM.FilterHorizontal,69376,1
62,4762,VSM.FilterVertical,0,0
62,4762,VSM.FilterTemporalVertical,161280,1
62,4762,VSM.ResetFeedback,0,1
63,4763,VSM.MarkReceiverPages,648192,1
63,4763,VSM.Allocate,608768,1
63,4763,VSM.ClearPhysicalPages,270080,1
63,4763,VSM.PageOccupancy,63488,1
63,4763,VSM.FinalizePages,2304,1
63,4763,VSM.DynamicRaster,89856,1
63,4763,VSM.LayoutRemap,0,1
63,4763,VSM.InvalidateStatic,0,0
63,4763,VSM.StaticCasterCull,209920,1
63,4763,VSM.DynamicCasterCull,0,1
63,4763,VSM.PageCull,189440,1
63,4763,VSM.StaticRaster,7168,1
63,4763,VSM.UnityCompatibilityRaster,0,0
63,4763,VSM.Resolve,7709184,1
63,4763,VSM.ResolveTrace,7475456,1
63,4763,VSM.FilterHorizontal,69888,1
63,4763,VSM.FilterVertical,0,0
63,4763,VSM.FilterTemporalVertical,162560,1
63,4763,VSM.ResetFeedback,0,1
64,4764,VSM.MarkReceiverPages,647680,1
64,4764,VSM.Allocate,634880,1
64,4764,VSM.ClearPhysicalPages,268544,1
64,4764,VSM.PageOccupancy,62976,1
64,4764,VSM.FinalizePages,1792,1
64,4764,VSM.DynamicRaster,90368,1
64,4764,VSM.LayoutRemap,0,1
64,4764,VSM.InvalidateStatic,0,0
64,4764,VSM.StaticCasterCull,207872,1
64,4764,VSM.DynamicCasterCull,0,1
64,4764,VSM.PageCull,187904,1
64,4764,VSM.StaticRaster,7168,1
64,4764,VSM.UnityCompatibilityRaster,0,0
64,4764,VSM.Resolve,7559680,1
64,4764,VSM.ResolveTrace,7332352,1
64,4764,VSM.FilterHorizontal,66560,1
64,4764,VSM.FilterVertical,0,0
64,4764,VSM.FilterTemporalVertical,159232,1
64,4764,VSM.ResetFeedback,0,1
65,4765,VSM.MarkReceiverPages,606976,1
65,4765,VSM.Allocate,624384,1
65,4765,VSM.ClearPhysicalPages,265472,1
65,4765,VSM.PageOccupancy,65536,1
65,4765,VSM.FinalizePages,2304,1
65,4765,VSM.DynamicRaster,94720,1
65,4765,VSM.LayoutRemap,0,1
65,4765,VSM.InvalidateStatic,0,0
65,4765,VSM.StaticCasterCull,205056,1
65,4765,VSM.DynamicCasterCull,0,1
65,4765,VSM.PageCull,186112,1
65,4765,VSM.StaticRaster,7680,1
65,4765,VSM.UnityCompatibilityRaster,0,0
65,4765,VSM.Resolve,7465984,1
65,4765,VSM.ResolveTrace,7233280,1
65,4765,VSM.FilterHorizontal,68864,1
65,4765,VSM.FilterVertical,0,0
65,4765,VSM.FilterTemporalVertical,163072,1
65,4765,VSM.ResetFeedback,0,1
66,4766,VSM.MarkReceiverPages,605696,1
66,4766,VSM.Allocate,612096,1
66,4766,VSM.ClearPhysicalPages,265984,1
66,4766,VSM.PageOccupancy,61696,1
66,4766,VSM.FinalizePages,2304,1
66,4766,VSM.DynamicRaster,90112,1
66,4766,VSM.LayoutRemap,0,1
66,4766,VSM.InvalidateStatic,0,0
66,4766,VSM.StaticCasterCull,208128,1
66,4766,VSM.DynamicCasterCull,0,1
66,4766,VSM.PageCull,189952,1
66,4766,VSM.StaticRaster,7168,1
66,4766,VSM.UnityCompatibilityRaster,0,0
66,4766,VSM.Resolve,7120640,1
66,4766,VSM.ResolveTrace,6891008,1
66,4766,VSM.FilterHorizontal,68096,1
66,4766,VSM.FilterVertical,0,0
66,4766,VSM.FilterTemporalVertical,160768,1
66,4766,VSM.ResetFeedback,0,1
67,4767,VSM.MarkReceiverPages,605952,1
67,4767,VSM.Allocate,618240,1
67,4767,VSM.ClearPhysicalPages,265728,1
67,4767,VSM.PageOccupancy,70144,1
67,4767,VSM.FinalizePages,1792,1
67,4767,VSM.DynamicRaster,88064,1
67,4767,VSM.LayoutRemap,0,1
67,4767,VSM.InvalidateStatic,0,0
67,4767,VSM.StaticCasterCull,208640,1
67,4767,VSM.DynamicCasterCull,0,1
67,4767,VSM.PageCull,189440,1
67,4767,VSM.StaticRaster,3584,1
67,4767,VSM.UnityCompatibilityRaster,0,0
67,4767,VSM.Resolve,7535360,1
67,4767,VSM.ResolveTrace,7308032,1
67,4767,VSM.FilterHorizontal,66560,1
67,4767,VSM.FilterVertical,0,0
67,4767,VSM.FilterTemporalVertical,159744,1
67,4767,VSM.ResetFeedback,0,1
68,4768,VSM.MarkReceiverPages,651520,1
68,4768,VSM.Allocate,631808,1
68,4768,VSM.ClearPhysicalPages,269568,1
68,4768,VSM.PageOccupancy,73472,1
68,4768,VSM.FinalizePages,2048,1
68,4768,VSM.DynamicRaster,89344,1
68,4768,VSM.LayoutRemap,0,1
68,4768,VSM.InvalidateStatic,0,0
68,4768,VSM.StaticCasterCull,206848,1
68,4768,VSM.DynamicCasterCull,0,1
68,4768,VSM.PageCull,187392,1
68,4768,VSM.StaticRaster,7168,1
68,4768,VSM.UnityCompatibilityRaster,0,0
68,4768,VSM.Resolve,7752192,1
68,4768,VSM.ResolveTrace,7518976,1
68,4768,VSM.FilterHorizontal,69888,1
68,4768,VSM.FilterVertical,0,0
68,4768,VSM.FilterTemporalVertical,162304,1
68,4768,VSM.ResetFeedback,0,1
69,4769,VSM.MarkReceiverPages,648448,1
69,4769,VSM.Allocate,616960,1
69,4769,VSM.ClearPhysicalPages,267520,1
69,4769,VSM.PageOccupancy,74240,1
69,4769,VSM.FinalizePages,2048,1
69,4769,VSM.DynamicRaster,87296,1
69,4769,VSM.LayoutRemap,0,1
69,4769,VSM.InvalidateStatic,0,0
69,4769,VSM.StaticCasterCull,214528,1
69,4769,VSM.DynamicCasterCull,0,1
69,4769,VSM.PageCull,195072,1
69,4769,VSM.StaticRaster,7424,1
69,4769,VSM.UnityCompatibilityRaster,0,0
69,4769,VSM.Resolve,7298304,1
69,4769,VSM.ResolveTrace,7071744,1
69,4769,VSM.FilterHorizontal,66816,1
69,4769,VSM.FilterVertical,0,0
69,4769,VSM.FilterTemporalVertical,158720,1
69,4769,VSM.ResetFeedback,0,1
70,4770,VSM.MarkReceiverPages,607744,1
70,4770,VSM.Allocate,610304,1
70,4770,VSM.ClearPhysicalPages,265984,1
70,4770,VSM.PageOccupancy,65280,1
70,4770,VSM.FinalizePages,2304,1
70,4770,VSM.DynamicRaster,91904,1
70,4770,VSM.LayoutRemap,0,1
70,4770,VSM.InvalidateStatic,0,0
70,4770,VSM.StaticCasterCull,207616,1
70,4770,VSM.DynamicCasterCull,0,1
70,4770,VSM.PageCull,187904,1
70,4770,VSM.StaticRaster,7168,1
70,4770,VSM.UnityCompatibilityRaster,0,0
70,4770,VSM.Resolve,7248384,1
70,4770,VSM.ResolveTrace,7020032,1
70,4770,VSM.FilterHorizontal,67328,1
70,4770,VSM.FilterVertical,0,0
70,4770,VSM.FilterTemporalVertical,159744,1
70,4770,VSM.ResetFeedback,0,1
71,4771,VSM.MarkReceiverPages,609536,1
71,4771,VSM.Allocate,613376,1
71,4771,VSM.ClearPhysicalPages,266496,1
71,4771,VSM.PageOccupancy,73216,1
71,4771,VSM.FinalizePages,2048,1
71,4771,VSM.DynamicRaster,88320,1
71,4771,VSM.LayoutRemap,0,1
71,4771,VSM.InvalidateStatic,0,0
71,4771,VSM.StaticCasterCull,207104,1
71,4771,VSM.DynamicCasterCull,0,1
71,4771,VSM.PageCull,188672,1
71,4771,VSM.StaticRaster,7680,1
71,4771,VSM.UnityCompatibilityRaster,0,0
71,4771,VSM.Resolve,7479552,1
71,4771,VSM.ResolveTrace,7248384,1
71,4771,VSM.FilterHorizontal,68608,1
71,4771,VSM.FilterVertical,0,0
71,4771,VSM.FilterTemporalVertical,161280,1
71,4771,VSM.ResetFeedback,0,1
72,4772,VSM.MarkReceiverPages,646400,1
72,4772,VSM.Allocate,616960,1
72,4772,VSM.ClearPhysicalPages,270080,1
72,4772,VSM.PageOccupancy,75008,1
72,4772,VSM.FinalizePages,2304,1
72,4772,VSM.DynamicRaster,89088,1
72,4772,VSM.LayoutRemap,0,1
72,4772,VSM.InvalidateStatic,0,0
72,4772,VSM.StaticCasterCull,206848,1
72,4772,VSM.DynamicCasterCull,0,1
72,4772,VSM.PageCull,187648,1
72,4772,VSM.StaticRaster,7424,1
72,4772,VSM.UnityCompatibilityRaster,0,0
72,4772,VSM.Resolve,7458304,1
72,4772,VSM.ResolveTrace,7229696,1
72,4772,VSM.FilterHorizontal,67328,1
72,4772,VSM.FilterVertical,0,0
72,4772,VSM.FilterTemporalVertical,159744,1
72,4772,VSM.ResetFeedback,0,1
73,4773,VSM.MarkReceiverPages,663296,1
73,4773,VSM.Allocate,616704,1
73,4773,VSM.ClearPhysicalPages,269312,1
73,4773,VSM.PageOccupancy,62720,1
73,4773,VSM.FinalizePages,1792,1
73,4773,VSM.DynamicRaster,93696,1
73,4773,VSM.LayoutRemap,0,1
73,4773,VSM.InvalidateStatic,0,0
73,4773,VSM.StaticCasterCull,211200,1
73,4773,VSM.DynamicCasterCull,0,1
73,4773,VSM.PageCull,191232,1
73,4773,VSM.StaticRaster,4096,1
73,4773,VSM.UnityCompatibilityRaster,0,0
73,4773,VSM.Resolve,7832064,1
73,4773,VSM.ResolveTrace,7600128,1
73,4773,VSM.FilterHorizontal,69376,1
73,4773,VSM.FilterVertical,0,0
73,4773,VSM.FilterTemporalVertical,161536,1
73,4773,VSM.ResetFeedback,0,1
74,4774,VSM.MarkReceiverPages,649728,1
74,4774,VSM.Allocate,633856,1
74,4774,VSM.ClearPhysicalPages,270336,1
74,4774,VSM.PageOccupancy,64256,1
74,4774,VSM.FinalizePages,2048,1
74,4774,VSM.DynamicRaster,94464,1
74,4774,VSM.LayoutRemap,0,1
74,4774,VSM.InvalidateStatic,0,0
74,4774,VSM.StaticCasterCull,208128,1
74,4774,VSM.DynamicCasterCull,0,1
74,4774,VSM.PageCull,188160,1
74,4774,VSM.StaticRaster,7168,1
74,4774,VSM.UnityCompatibilityRaster,0,0
74,4774,VSM.Resolve,7763456,1
74,4774,VSM.ResolveTrace,7532032,1
74,4774,VSM.FilterHorizontal,68352,1
74,4774,VSM.FilterVertical,0,0
74,4774,VSM.FilterTemporalVertical,162048,1
74,4774,VSM.ResetFeedback,0,1
75,4775,VSM.MarkReceiverPages,605184,1
75,4775,VSM.Allocate,620032,1
75,4775,VSM.ClearPhysicalPages,264704,1
75,4775,VSM.PageOccupancy,61184,1
75,4775,VSM.FinalizePages,2560,1
75,4775,VSM.DynamicRaster,91648,1
75,4775,VSM.LayoutRemap,256,1
75,4775,VSM.InvalidateStatic,0,0
75,4775,VSM.StaticCasterCull,204032,1
75,4775,VSM.DynamicCasterCull,0,1
75,4775,VSM.PageCull,185088,1
75,4775,VSM.StaticRaster,7168,1
75,4775,VSM.UnityCompatibilityRaster,0,0
75,4775,VSM.Resolve,8502528,1
75,4775,VSM.ResolveTrace,8272896,1
75,4775,VSM.FilterHorizontal,68608,1
75,4775,VSM.FilterVertical,0,0
75,4775,VSM.FilterTemporalVertical,160256,1
75,4775,VSM.ResetFeedback,0,1
76,4776,VSM.MarkReceiverPages,604672,1
76,4776,VSM.Allocate,618496,1
76,4776,VSM.ClearPhysicalPages,510976,1
76,4776,VSM.PageOccupancy,61952,1
76,4776,VSM.FinalizePages,2304,1
76,4776,VSM.DynamicRaster,90368,1
76,4776,VSM.LayoutRemap,0,1
76,4776,VSM.InvalidateStatic,0,0
76,4776,VSM.StaticCasterCull,210688,1
76,4776,VSM.DynamicCasterCull,0,1
76,4776,VSM.PageCull,187136,1
76,4776,VSM.StaticRaster,7424,1
76,4776,VSM.UnityCompatibilityRaster,0,0
76,4776,VSM.Resolve,7673344,1
76,4776,VSM.ResolveTrace,7445760,1
76,4776,VSM.FilterHorizontal,66816,1
76,4776,VSM.FilterVertical,0,0
76,4776,VSM.FilterTemporalVertical,159744,1
76,4776,VSM.ResetFeedback,0,1
77,4777,VSM.MarkReceiverPages,606464,1
77,4777,VSM.Allocate,601856,1
77,4777,VSM.ClearPhysicalPages,264960,1
77,4777,VSM.PageOccupancy,62976,1
77,4777,VSM.FinalizePages,2048,1
77,4777,VSM.DynamicRaster,93696,1
77,4777,VSM.LayoutRemap,0,1
77,4777,VSM.InvalidateStatic,0,0
77,4777,VSM.StaticCasterCull,211200,1
77,4777,VSM.DynamicCasterCull,0,1
77,4777,VSM.PageCull,192000,1
77,4777,VSM.StaticRaster,6656,1
77,4777,VSM.UnityCompatibilityRaster,0,0
77,4777,VSM.Resolve,7636224,1
77,4777,VSM.ResolveTrace,7406336,1
77,4777,VSM.FilterHorizontal,68352,1
77,4777,VSM.FilterVertical,0,0
77,4777,VSM.FilterTemporalVertical,160768,1
77,4777,VSM.ResetFeedback,0,1
78,4778,VSM.MarkReceiverPages,864256,1
78,4778,VSM.Allocate,616448,1
78,4778,VSM.ClearPhysicalPages,269312,1
78,4778,VSM.PageOccupancy,61952,1
78,4778,VSM.FinalizePages,2048,1
78,4778,VSM.DynamicRaster,91392,1
78,4778,VSM.LayoutRemap,0,1
78,4778,VSM.InvalidateStatic,0,0
78,4778,VSM.StaticCasterCull,207104,1
78,4778,VSM.DynamicCasterCull,0,1
78,4778,VSM.PageCull,187136,1
78,4778,VSM.StaticRaster,11776,1
78,4778,VSM.UnityCompatibilityRaster,0,0
78,4778,VSM.Resolve,6739456,1
78,4778,VSM.ResolveTrace,6510592,1
78,4778,VSM.FilterHorizontal,66816,1
78,4778,VSM.FilterVertical,0,0
78,4778,VSM.FilterTemporalVertical,160768,1
78,4778,VSM.ResetFeedback,0,1
79,4779,VSM.MarkReceiverPages,650752,1
79,4779,VSM.Allocate,624896,1
79,4779,VSM.ClearPhysicalPages,593408,1
79,4779,VSM.PageOccupancy,70400,1
79,4779,VSM.FinalizePages,1792,1
79,4779,VSM.DynamicRaster,90880,1
79,4779,VSM.LayoutRemap,0,1
79,4779,VSM.InvalidateStatic,0,0
79,4779,VSM.StaticCasterCull,212992,1
79,4779,VSM.DynamicCasterCull,256,1
79,4779,VSM.PageCull,188160,1
79,4779,VSM.StaticRaster,7168,1
79,4779,VSM.UnityCompatibilityRaster,0,0
79,4779,VSM.Resolve,7815936,1
79,4779,VSM.ResolveTrace,7582976,1
79,4779,VSM.FilterHorizontal,69120,1
79,4779,VSM.FilterVertical,0,0
79,4779,VSM.FilterTemporalVertical,162816,1
79,4779,VSM.ResetFeedback,0,1
80,4780,VSM.MarkReceiverPages,646656,1
80,4780,VSM.Allocate,632576,1
80,4780,VSM.ClearPhysicalPages,268288,1
80,4780,VSM.PageOccupancy,71168,1
80,4780,VSM.FinalizePages,2560,1
80,4780,VSM.DynamicRaster,97792,1
80,4780,VSM.LayoutRemap,0,1
80,4780,VSM.InvalidateStatic,0,0
80,4780,VSM.StaticCasterCull,536320,1
80,4780,VSM.DynamicCasterCull,0,1
80,4780,VSM.PageCull,191232,1
80,4780,VSM.StaticRaster,9216,1
80,4780,VSM.UnityCompatibilityRaster,0,0
80,4780,VSM.Resolve,7271424,1
80,4780,VSM.ResolveTrace,7043072,1
80,4780,VSM.FilterHorizontal,67840,1
80,4780,VSM.FilterVertical,0,0
80,4780,VSM.FilterTemporalVertical,159488,1
80,4780,VSM.ResetFeedback,0,1
81,4781,VSM.MarkReceiverPages,627968,1
81,4781,VSM.Allocate,612096,1
81,4781,VSM.ClearPhysicalPages,264704,1
81,4781,VSM.PageOccupancy,73216,1
81,4781,VSM.FinalizePages,2048,1
81,4781,VSM.DynamicRaster,90624,1
81,4781,VSM.LayoutRemap,0,1
81,4781,VSM.InvalidateStatic,0,0
81,4781,VSM.StaticCasterCull,204544,1
81,4781,VSM.DynamicCasterCull,0,1
81,4781,VSM.PageCull,186112,1
81,4781,VSM.StaticRaster,7424,1
81,4781,VSM.UnityCompatibilityRaster,0,0
81,4781,VSM.Resolve,7503360,1
81,4781,VSM.ResolveTrace,7272448,1
81,4781,VSM.FilterHorizontal,68352,1
81,4781,VSM.FilterVertical,0,0
81,4781,VSM.FilterTemporalVertical,161280,1
81,4781,VSM.ResetFeedback,0,1
82,4782,VSM.MarkReceiverPages,606208,1
82,4782,VSM.Allocate,608512,1
82,4782,VSM.ClearPhysicalPages,265472,1
82,4782,VSM.PageOccupancy,69888,1
82,4782,VSM.FinalizePages,2048,1
82,4782,VSM.DynamicRaster,86016,1
82,4782,VSM.LayoutRemap,0,1
82,4782,VSM.InvalidateStatic,0,0
82,4782,VSM.StaticCasterCull,211456,1
82,4782,VSM.DynamicCasterCull,0,1
82,4782,VSM.PageCull,193280,1
82,4782,VSM.StaticRaster,7168,1
82,4782,VSM.UnityCompatibilityRaster,0,0
82,4782,VSM.Resolve,7560960,1
82,4782,VSM.ResolveTrace,7330304,1
82,4782,VSM.FilterHorizontal,68096,1
82,4782,VSM.FilterVertical,0,0
82,4782,VSM.FilterTemporalVertical,161024,1
82,4782,VSM.ResetFeedback,0,1
83,4783,VSM.MarkReceiverPages,649728,1
83,4783,VSM.Allocate,616960,1
83,4783,VSM.ClearPhysicalPages,269056,1
83,4783,VSM.PageOccupancy,65536,1
83,4783,VSM.FinalizePages,2048,1
83,4783,VSM.DynamicRaster,88832,1
83,4783,VSM.LayoutRemap,0,1
83,4783,VSM.InvalidateStatic,0,0
83,4783,VSM.StaticCasterCull,208640,1
83,4783,VSM.DynamicCasterCull,0,1
83,4783,VSM.PageCull,188672,1
83,4783,VSM.StaticRaster,7424,1
83,4783,VSM.UnityCompatibilityRaster,0,0
83,4783,VSM.Resolve,7551232,1
83,4783,VSM.ResolveTrace,7318528,1
83,4783,VSM.FilterHorizontal,69376,1
83,4783,VSM.FilterVertical,0,0
83,4783,VSM.FilterTemporalVertical,162304,1
83,4783,VSM.ResetFeedback,0,1
84,4784,VSM.MarkReceiverPages,648192,1
84,4784,VSM.Allocate,618240,1
84,4784,VSM.ClearPhysicalPages,269312,1
84,4784,VSM.PageOccupancy,62720,1
84,4784,VSM.FinalizePages,2048,1
84,4784,VSM.DynamicRaster,87808,1
84,4784,VSM.LayoutRemap,0,1
84,4784,VSM.InvalidateStatic,0,0
84,4784,VSM.StaticCasterCull,210432,1
84,4784,VSM.DynamicCasterCull,0,1
84,4784,VSM.PageCull,190976,1
84,4784,VSM.StaticRaster,4864,1
84,4784,VSM.UnityCompatibilityRaster,0,0
84,4784,VSM.Resolve,7554048,1
84,4784,VSM.ResolveTrace,7323904,1
84,4784,VSM.FilterHorizontal,67584,1
84,4784,VSM.FilterVertical,0,0
84,4784,VSM.FilterTemporalVertical,161024,1
84,4784,VSM.ResetFeedback,0,1
85,4785,VSM.MarkReceiverPages,647424,1
85,4785,VSM.Allocate,614144,1
85,4785,VSM.ClearPhysicalPages,268800,1
85,4785,VSM.PageOccupancy,65792,1
85,4785,VSM.FinalizePages,1792,1
85,4785,VSM.DynamicRaster,95232,1
85,4785,VSM.LayoutRemap,0,1
85,4785,VSM.InvalidateStatic,0,0
85,4785,VSM.StaticCasterCull,212736,1
85,4785,VSM.DynamicCasterCull,0,1
85,4785,VSM.PageCull,193792,1
85,4785,VSM.StaticRaster,7168,1
85,4785,VSM.UnityCompatibilityRaster,0,0
85,4785,VSM.Resolve,7382528,1
85,4785,VSM.ResolveTrace,6781184,1
85,4785,VSM.FilterHorizontal,66560,1
85,4785,VSM.FilterVertical,0,0
85,4785,VSM.FilterTemporalVertical,533760,1
85,4785,VSM.ResetFeedback,0,1
86,4786,VSM.MarkReceiverPages,648704,1
86,4786,VSM.Allocate,615936,1
86,4786,VSM.ClearPhysicalPages,268544,1
86,4786,VSM.PageOccupancy,63232,1
86,4786,VSM.FinalizePages,2048,1
86,4786,VSM.DynamicRaster,91904,1
86,4786,VSM.LayoutRemap,0,1
86,4786,VSM.InvalidateStatic,0,0
86,4786,VSM.StaticCasterCull,208128,1
86,4786,VSM.DynamicCasterCull,0,1
86,4786,VSM.PageCull,188672,1
86,4786,VSM.StaticRaster,7168,1
86,4786,VSM.UnityCompatibilityRaster,0,0
86,4786,VSM.Resolve,7386624,1
86,4786,VSM.ResolveTrace,6828800,1
86,4786,VSM.FilterHorizontal,65024,1
86,4786,VSM.FilterVertical,0,0
86,4786,VSM.FilterTemporalVertical,491520,1
86,4786,VSM.ResetFeedback,0,1
87,4787,VSM.MarkReceiverPages,604928,1
87,4787,VSM.Allocate,602112,1
87,4787,VSM.ClearPhysicalPages,261120,1
87,4787,VSM.PageOccupancy,72192,1
87,4787,VSM.FinalizePages,2304,1
87,4787,VSM.DynamicRaster,85504,1
87,4787,VSM.LayoutRemap,0,1
87,4787,VSM.InvalidateStatic,0,0
87,4787,VSM.StaticCasterCull,198144,1
87,4787,VSM.DynamicCasterCull,0,1
87,4787,VSM.PageCull,179456,1
87,4787,VSM.StaticRaster,7168,1
87,4787,VSM.UnityCompatibilityRaster,0,0
87,4787,VSM.Resolve,7472896,1
87,4787,VSM.ResolveTrace,7243520,1
87,4787,VSM.FilterHorizontal,67584,1
87,4787,VSM.FilterVertical,0,0
87,4787,VSM.FilterTemporalVertical,160768,1
87,4787,VSM.ResetFeedback,0,1
88,4788,VSM.MarkReceiverPages,605952,1
88,4788,VSM.Allocate,609536,1
88,4788,VSM.ClearPhysicalPages,264192,1
88,4788,VSM.PageOccupancy,72960,1
88,4788,VSM.FinalizePages,1792,1
88,4788,VSM.DynamicRaster,90880,1
88,4788,VSM.LayoutRemap,0,1
88,4788,VSM.InvalidateStatic,0,0
88,4788,VSM.StaticCasterCull,206336,1
88,4788,VSM.DynamicCasterCull,0,1
88,4788,VSM.PageCull,187648,1
88,4788,VSM.StaticRaster,7168,1
88,4788,VSM.UnityCompatibilityRaster,0,0
88,4788,VSM.Resolve,7084288,1
88,4788,VSM.ResolveTrace,6857216,1
88,4788,VSM.FilterHorizontal,66816,1
88,4788,VSM.FilterVertical,0,0
88,4788,VSM.FilterTemporalVertical,158976,1
88,4788,VSM.ResetFeedback,0,1
89,4789,VSM.MarkReceiverPages,645376,1
89,4789,VSM.Allocate,632832,1
89,4789,VSM.ClearPhysicalPages,270336,1
89,4789,VSM.PageOccupancy,75008,1
89,4789,VSM.FinalizePages,2048,1
89,4789,VSM.DynamicRaster,90880,1
89,4789,VSM.LayoutRemap,0,1
89,4789,VSM.InvalidateStatic,0,0
89,4789,VSM.StaticCasterCull,208128,1
89,4789,VSM.DynamicCasterCull,0,1
89,4789,VSM.PageCull,188672,1
89,4789,VSM.StaticRaster,7168,1
89,4789,VSM.UnityCompatibilityRaster,0,0
89,4789,VSM.Resolve,7131904,1
89,4789,VSM.ResolveTrace,6897664,1
89,4789,VSM.FilterHorizontal,69376,1
89,4789,VSM.FilterVertical,0,0
89,4789,VSM.FilterTemporalVertical,163584,1
89,4789,VSM.ResetFeedback,0,1
90,4790,VSM.MarkReceiverPages,647936,1
90,4790,VSM.Allocate,618752,1
90,4790,VSM.ClearPhysicalPages,268800,1
90,4790,VSM.PageOccupancy,69376,1
90,4790,VSM.FinalizePages,1792,1
90,4790,VSM.DynamicRaster,91392,1
90,4790,VSM.LayoutRemap,0,1
90,4790,VSM.InvalidateStatic,0,0
90,4790,VSM.StaticCasterCull,209408,1
90,4790,VSM.DynamicCasterCull,0,1
90,4790,VSM.PageCull,189440,1
90,4790,VSM.StaticRaster,7424,1
90,4790,VSM.UnityCompatibilityRaster,0,0
90,4790,VSM.Resolve,8582656,1
90,4790,VSM.ResolveTrace,8349696,1
90,4790,VSM.FilterHorizontal,68864,1
90,4790,VSM.FilterVertical,0,0
90,4790,VSM.FilterTemporalVertical,162816,1
90,4790,VSM.ResetFeedback,0,1
91,4791,VSM.MarkReceiverPages,649216,1
91,4791,VSM.Allocate,632576,1
91,4791,VSM.ClearPhysicalPages,268800,1
91,4791,VSM.PageOccupancy,64256,1
91,4791,VSM.FinalizePages,2304,1
91,4791,VSM.DynamicRaster,91904,1
91,4791,VSM.LayoutRemap,0,1
91,4791,VSM.InvalidateStatic,0,0
91,4791,VSM.StaticCasterCull,207872,1
91,4791,VSM.DynamicCasterCull,0,1
91,4791,VSM.PageCull,187904,1
91,4791,VSM.StaticRaster,7168,1
91,4791,VSM.UnityCompatibilityRaster,0,0
91,4791,VSM.Resolve,6740736,1
91,4791,VSM.ResolveTrace,6513408,1
91,4791,VSM.FilterHorizontal,67072,1
91,4791,VSM.FilterVertical,0,0
91,4791,VSM.FilterTemporalVertical,158720,1
91,4791,VSM.ResetFeedback,0,1
92,4792,VSM.MarkReceiverPages,605440,1
92,4792,VSM.Allocate,605952,1
92,4792,VSM.ClearPhysicalPages,263936,1
92,4792,VSM.PageOccupancy,72960,1
92,4792,VSM.FinalizePages,2048,1
92,4792,VSM.DynamicRaster,93696,1
92,4792,VSM.LayoutRemap,0,1
92,4792,VSM.InvalidateStatic,0,0
92,4792,VSM.StaticCasterCull,207360,1
92,4792,VSM.DynamicCasterCull,0,1
92,4792,VSM.PageCull,188672,1
92,4792,VSM.StaticRaster,7168,1
92,4792,VSM.UnityCompatibilityRaster,0,0
92,4792,VSM.Resolve,7518976,1
92,4792,VSM.ResolveTrace,7288832,1
92,4792,VSM.FilterHorizontal,68096,1
92,4792,VSM.FilterVertical,0,0
92,4792,VSM.FilterTemporalVertical,161024,1
92,4792,VSM.ResetFeedback,0,1
93,4793,VSM.MarkReceiverPages,607488,1
93,4793,VSM.Allocate,617216,1
93,4793,VSM.ClearPhysicalPages,264704,1
93,4793,VSM.PageOccupancy,72960,1
93,4793,VSM.FinalizePages,1792,1
93,4793,VSM.DynamicRaster,86528,1
93,4793,VSM.LayoutRemap,0,1
93,4793,VSM.InvalidateStatic,0,0
93,4793,VSM.StaticCasterCull,209920,1
93,4793,VSM.DynamicCasterCull,0,1
93,4793,VSM.PageCull,191232,1
93,4793,VSM.StaticRaster,7168,1
93,4793,VSM.UnityCompatibilityRaster,0,0
93,4793,VSM.Resolve,7596288,1
93,4793,VSM.ResolveTrace,7364352,1
93,4793,VSM.FilterHorizontal,68352,1
93,4793,VSM.FilterVertical,0,0
93,4793,VSM.FilterTemporalVertical,162304,1
93,4793,VSM.ResetFeedback,0,1
94,4794,VSM.MarkReceiverPages,647936,1
94,4794,VSM.Allocate,615424,1
94,4794,VSM.ClearPhysicalPages,268800,1
94,4794,VSM.PageOccupancy,87040,1
94,4794,VSM.FinalizePages,1536,1
94,4794,VSM.DynamicRaster,88832,1
94,4794,VSM.LayoutRemap,0,1
94,4794,VSM.InvalidateStatic,0,0
94,4794,VSM.StaticCasterCull,214528,1
94,4794,VSM.DynamicCasterCull,0,1
94,4794,VSM.PageCull,195072,1
94,4794,VSM.StaticRaster,7168,1
94,4794,VSM.UnityCompatibilityRaster,0,0
94,4794,VSM.Resolve,7589376,1
94,4794,VSM.ResolveTrace,7083008,1
94,4794,VSM.FilterHorizontal,340480,1
94,4794,VSM.FilterVertical,0,0
94,4794,VSM.FilterTemporalVertical,164608,1
94,4794,VSM.ResetFeedback,0,1
95,4795,VSM.MarkReceiverPages,646912,1
95,4795,VSM.Allocate,632832,1
95,4795,VSM.ClearPhysicalPages,269568,1
95,4795,VSM.PageOccupancy,66560,1
95,4795,VSM.FinalizePages,2560,1
95,4795,VSM.DynamicRaster,90880,1
95,4795,VSM.LayoutRemap,0,1
95,4795,VSM.InvalidateStatic,0,0
95,4795,VSM.StaticCasterCull,210432,1
95,4795,VSM.DynamicCasterCull,0,1
95,4795,VSM.PageCull,190464,1
95,4795,VSM.StaticRaster,5888,1
95,4795,VSM.UnityCompatibilityRaster,0,0
95,4795,VSM.Resolve,7750144,1
95,4795,VSM.ResolveTrace,7521280,1
95,4795,VSM.FilterHorizontal,68352,1
95,4795,VSM.FilterVertical,0,0
95,4795,VSM.FilterTemporalVertical,159488,1
95,4795,VSM.ResetFeedback,0,1
96,4796,VSM.MarkReceiverPages,647936,1
96,4796,VSM.Allocate,621568,1
96,4796,VSM.ClearPhysicalPages,268032,1
96,4796,VSM.PageOccupancy,64256,1
96,4796,VSM.FinalizePages,2048,1
96,4796,VSM.DynamicRaster,94464,1
96,4796,VSM.LayoutRemap,0,1
96,4796,VSM.InvalidateStatic,0,0
96,4796,VSM.StaticCasterCull,205312,1
96,4796,VSM.DynamicCasterCull,0,1
96,4796,VSM.PageCull,185600,1
96,4796,VSM.StaticRaster,3584,1
96,4796,VSM.UnityCompatibilityRaster,0,0
96,4796,VSM.Resolve,7605760,1
96,4796,VSM.ResolveTrace,7374848,1
96,4796,VSM.FilterHorizontal,68096,1
96,4796,VSM.FilterVertical,0,0
96,4796,VSM.FilterTemporalVertical,161280,1
96,4796,VSM.ResetFeedback,0,1
97,4797,VSM.MarkReceiverPages,608000,1
97,4797,VSM.Allocate,610560,1
97,4797,VSM.ClearPhysicalPages,264192,1
97,4797,VSM.PageOccupancy,64512,1
97,4797,VSM.FinalizePages,2304,1
97,4797,VSM.DynamicRaster,88320,1
97,4797,VSM.LayoutRemap,0,1
97,4797,VSM.InvalidateStatic,0,0
97,4797,VSM.StaticCasterCull,204800,1
97,4797,VSM.DynamicCasterCull,0,1
97,4797,VSM.PageCull,186112,1
97,4797,VSM.StaticRaster,7424,1
97,4797,VSM.UnityCompatibilityRaster,0,0
97,4797,VSM.Resolve,7902720,1
97,4797,VSM.ResolveTrace,6763776,1
97,4797,VSM.FilterHorizontal,68352,1
97,4797,VSM.FilterVertical,0,0
97,4797,VSM.FilterTemporalVertical,1069568,1
97,4797,VSM.ResetFeedback,0,1
98,4798,VSM.MarkReceiverPages,647936,1
98,4798,VSM.Allocate,624128,1
98,4798,VSM.ClearPhysicalPages,269824,1
98,4798,VSM.PageOccupancy,75264,1
98,4798,VSM.FinalizePages,2560,1
98,4798,VSM.DynamicRaster,90880,1
98,4798,VSM.LayoutRemap,0,1
98,4798,VSM.InvalidateStatic,0,0
98,4798,VSM.StaticCasterCull,209408,1
98,4798,VSM.DynamicCasterCull,0,1
98,4798,VSM.PageCull,189440,1
98,4798,VSM.StaticRaster,7168,1
98,4798,VSM.UnityCompatibilityRaster,0,0
98,4798,VSM.Resolve,7124736,1
98,4798,VSM.ResolveTrace,6897408,1
98,4798,VSM.FilterHorizontal,66560,1
98,4798,VSM.FilterVertical,0,0
98,4798,VSM.FilterTemporalVertical,159488,1
98,4798,VSM.ResetFeedback,0,1
99,4799,VSM.MarkReceiverPages,647680,1
99,4799,VSM.Allocate,616704,1
99,4799,VSM.ClearPhysicalPages,270592,1
99,4799,VSM.PageOccupancy,70144,1
99,4799,VSM.FinalizePages,2048,1
99,4799,VSM.DynamicRaster,93184,1
99,4799,VSM.LayoutRemap,0,1
99,4799,VSM.InvalidateStatic,0,0
99,4799,VSM.StaticCasterCull,206080,1
99,4799,VSM.DynamicCasterCull,0,1
99,4799,VSM.PageCull,185856,1
99,4799,VSM.StaticRaster,7424,1
99,4799,VSM.UnityCompatibilityRaster,0,0
99,4799,VSM.Resolve,7692544,1
99,4799,VSM.ResolveTrace,7012608,1
99,4799,VSM.FilterHorizontal,67840,1
99,4799,VSM.FilterVertical,0,0
99,4799,VSM.FilterTemporalVertical,611072,1
99,4799,VSM.ResetFeedback,0,1
100,4800,VSM.MarkReceiverPages,649728,1
100,4800,VSM.Allocate,631808,1
100,4800,VSM.ClearPhysicalPages,270336,1
100,4800,VSM.PageOccupancy,64000,1
100,4800,VSM.FinalizePages,2048,1
100,4800,VSM.DynamicRaster,91136,1
100,4800,VSM.LayoutRemap,0,1
100,4800,VSM.InvalidateStatic,0,0
100,4800,VSM.StaticCasterCull,210688,1
100,4800,VSM.DynamicCasterCull,256,1
100,4800,VSM.PageCull,191488,1
100,4800,VSM.StaticRaster,7424,1
100,4800,VSM.UnityCompatibilityRaster,0,0
100,4800,VSM.Resolve,7302656,1
100,4800,VSM.ResolveTrace,7070720,1
100,4800,VSM.FilterHorizontal,68864,1
100,4800,VSM.FilterVertical,0,0
100,4800,VSM.FilterTemporalVertical,161792,1
100,4800,VSM.ResetFeedback,0,1
101,4801,VSM.MarkReceiverPages,672512,1
101,4801,VSM.Allocate,616960,1
101,4801,VSM.ClearPhysicalPages,264960,1
101,4801,VSM.PageOccupancy,64000,1
101,4801,VSM.FinalizePages,2304,1
101,4801,VSM.DynamicRaster,90368,1
101,4801,VSM.LayoutRemap,0,1
101,4801,VSM.InvalidateStatic,0,0
101,4801,VSM.StaticCasterCull,206080,1
101,4801,VSM.DynamicCasterCull,0,1
101,4801,VSM.PageCull,187136,1
101,4801,VSM.StaticRaster,11520,1
101,4801,VSM.UnityCompatibilityRaster,0,0
101,4801,VSM.Resolve,6977792,1
101,4801,VSM.ResolveTrace,6748160,1
101,4801,VSM.FilterHorizontal,67840,1
101,4801,VSM.FilterVertical,0,0
101,4801,VSM.FilterTemporalVertical,161024,1
101,4801,VSM.ResetFeedback,0,1
102,4802,VSM.MarkReceiverPages,607488,1
102,4802,VSM.Allocate,604416,1
102,4802,VSM.ClearPhysicalPages,263680,1
102,4802,VSM.PageOccupancy,60928,1
102,4802,VSM.FinalizePages,2304,1
102,4802,VSM.DynamicRaster,84224,1
102,4802,VSM.LayoutRemap,0,1
102,4802,VSM.InvalidateStatic,0,0
102,4802,VSM.StaticCasterCull,199168,1
102,4802,VSM.DynamicCasterCull,0,1
102,4802,VSM.PageCull,180224,1
102,4802,VSM.StaticRaster,7424,1
102,4802,VSM.UnityCompatibilityRaster,0,0
102,4802,VSM.Resolve,7347200,1
102,4802,VSM.ResolveTrace,6830336,1
102,4802,VSM.FilterHorizontal,353024,1
102,4802,VSM.FilterVertical,0,0
102,4802,VSM.FilterTemporalVertical,162304,1
102,4802,VSM.ResetFeedback,0,1
103,4803,VSM.MarkReceiverPages,606976,1
103,4803,VSM.Allocate,614912,1
103,4803,VSM.ClearPhysicalPages,265216,1
103,4803,VSM.PageOccupancy,61952,1
103,4803,VSM.FinalizePages,1792,1
103,4803,VSM.DynamicRaster,89856,1
103,4803,VSM.LayoutRemap,0,1
103,4803,VSM.InvalidateStatic,0,0
103,4803,VSM.StaticCasterCull,205056,1
103,4803,VSM.DynamicCasterCull,0,1
103,4803,VSM.PageCull,186880,1
103,4803,VSM.StaticRaster,7424,1
103,4803,VSM.UnityCompatibilityRaster,0,0
103,4803,VSM.Resolve,7003648,1
103,4803,VSM.ResolveTrace,6774272,1
103,4803,VSM.FilterHorizontal,68352,1
103,4803,VSM.FilterVertical,0,0
103,4803,VSM.FilterTemporalVertical,159744,1
103,4803,VSM.ResetFeedback,0,1
104,4804,VSM.MarkReceiverPages,608000,1
104,4804,VSM.Allocate,618752,1
104,4804,VSM.ClearPhysicalPages,265472,1
104,4804,VSM.PageOccupancy,65280,1
104,4804,VSM.FinalizePages,2048,1
104,4804,VSM.DynamicRaster,86016,1
104,4804,VSM.LayoutRemap,0,1
104,4804,VSM.InvalidateStatic,0,0
104,4804,VSM.StaticCasterCull,520960,1
104,4804,VSM.DynamicCasterCull,0,1
104,4804,VSM.PageCull,197632,1
104,4804,VSM.StaticRaster,5632,1
104,4804,VSM.UnityCompatibilityRaster,0,0
104,4804,VSM.Resolve,7853824,1
104,4804,VSM.ResolveTrace,7621632,1
104,4804,VSM.FilterHorizontal,68608,1
104,4804,VSM.FilterVertical,0,0
104,4804,VSM.FilterTemporalVertical,162048,1
104,4804,VSM.ResetFeedback,0,1
105,4805,VSM.MarkReceiverPages,647936,1
105,4805,VSM.Allocate,621312,1
105,4805,VSM.ClearPhysicalPages,268800,1
105,4805,VSM.PageOccupancy,65024,1
105,4805,VSM.FinalizePages,1792,1
105,4805,VSM.DynamicRaster,91648,1
105,4805,VSM.LayoutRemap,0,1
105,4805,VSM.InvalidateStatic,0,0
105,4805,VSM.StaticCasterCull,209152,1
105,4805,VSM.DynamicCasterCull,0,1
105,4805,VSM.PageCull,189184,1
105,4805,VSM.StaticRaster,3328,1
105,4805,VSM.UnityCompatibilityRaster,0,0
105,4805,VSM.Resolve,7932672,1
105,4805,VSM.ResolveTrace,7702016,1
105,4805,VSM.FilterHorizontal,68096,1
105,4805,VSM.FilterVertical,0,0
105,4805,VSM.FilterTemporalVertical,161280,1
105,4805,VSM.ResetFeedback,0,1
106,4806,VSM.MarkReceiverPages,648960,1
106,4806,VSM.Allocate,617984,1
106,4806,VSM.ClearPhysicalPages,269568,1
106,4806,VSM.PageOccupancy,69888,1
106,4806,VSM.FinalizePages,2048,1
106,4806,VSM.DynamicRaster,90624,1
106,4806,VSM.LayoutRemap,0,1
106,4806,VSM.InvalidateStatic,0,0
106,4806,VSM.StaticCasterCull,234496,1
106,4806,VSM.DynamicCasterCull,0,1
106,4806,VSM.PageCull,214784,1
106,4806,VSM.StaticRaster,7424,1
106,4806,VSM.UnityCompatibilityRaster,0,0
106,4806,VSM.Resolve,7635200,1
106,4806,VSM.ResolveTrace,7403264,1
106,4806,VSM.FilterHorizontal,69376,1
106,4806,VSM.FilterVertical,0,0
106,4806,VSM.FilterTemporalVertical,161536,1
106,4806,VSM.ResetFeedback,0,1
107,4807,VSM.MarkReceiverPages,659200,1
107,4807,VSM.Allocate,631552,1
107,4807,VSM.ClearPhysicalPages,268288,1
107,4807,VSM.PageOccupancy,64256,1
107,4807,VSM.FinalizePages,2048,1
107,4807,VSM.DynamicRaster,88320,1
107,4807,VSM.LayoutRemap,0,1
107,4807,VSM.InvalidateStatic,0,0
107,4807,VSM.StaticCasterCull,380928,1
107,4807,VSM.DynamicCasterCull,0,1
107,4807,VSM.PageCull,182272,1
107,4807,VSM.StaticRaster,10752,1
107,4807,VSM.UnityCompatibilityRaster,0,0
107,4807,VSM.Resolve,7271936,1
107,4807,VSM.ResolveTrace,6832896,1
107,4807,VSM.FilterHorizontal,68608,1
107,4807,VSM.FilterVertical,0,0
107,4807,VSM.FilterTemporalVertical,157696,1
107,4807,VSM.ResetFeedback,0,1
108,4808,VSM.MarkReceiverPages,768512,1
108,4808,VSM.Allocate,616704,1
108,4808,VSM.ClearPhysicalPages,267008,1
108,4808,VSM.PageOccupancy,73216,1
108,4808,VSM.FinalizePages,2304,1
108,4808,VSM.DynamicRaster,90112,1
108,4808,VSM.LayoutRemap,0,1
108,4808,VSM.InvalidateStatic,0,0
108,4808,VSM.StaticCasterCull,203264,1
108,4808,VSM.DynamicCasterCull,0,1
108,4808,VSM.PageCull,184576,1
108,4808,VSM.StaticRaster,7168,1
108,4808,VSM.UnityCompatibilityRaster,0,0
108,4808,VSM.Resolve,7525120,1
108,4808,VSM.ResolveTrace,7299584,1
108,4808,VSM.FilterHorizontal,65792,1
108,4808,VSM.FilterVertical,0,0
108,4808,VSM.FilterTemporalVertical,158464,1
108,4808,VSM.ResetFeedback,0,1
109,4809,VSM.MarkReceiverPages,602368,1
109,4809,VSM.Allocate,617216,1
109,4809,VSM.ClearPhysicalPages,576256,1
109,4809,VSM.PageOccupancy,61184,1
109,4809,VSM.FinalizePages,2048,1
109,4809,VSM.DynamicRaster,89856,1
109,4809,VSM.LayoutRemap,0,1
109,4809,VSM.InvalidateStatic,0,0
109,4809,VSM.StaticCasterCull,211456,1
109,4809,VSM.DynamicCasterCull,0,1
109,4809,VSM.PageCull,185344,1
109,4809,VSM.StaticRaster,3072,1
109,4809,VSM.UnityCompatibilityRaster,0,0
109,4809,VSM.Resolve,7416064,1
109,4809,VSM.ResolveTrace,7185920,1
109,4809,VSM.FilterHorizontal,67584,1
109,4809,VSM.FilterVertical,0,0
109,4809,VSM.FilterTemporalVertical,161280,1
109,4809,VSM.ResetFeedback,0,1
110,4810,VSM.MarkReceiverPages,606720,1
110,4810,VSM.Allocate,601856,1
110,4810,VSM.ClearPhysicalPages,261888,1
110,4810,VSM.PageOccupancy,72704,1
110,4810,VSM.FinalizePages,1792,1
110,4810,VSM.DynamicRaster,80384,1
110,4810,VSM.LayoutRemap,0,1
110,4810,VSM.InvalidateStatic,0,0
110,4810,VSM.StaticCasterCull,223232,1
110,4810,VSM.DynamicCasterCull,0,1
110,4810,VSM.PageCull,204544,1
110,4810,VSM.StaticRaster,7168,1
110,4810,VSM.UnityCompatibilityRaster,0,0
110,4810,VSM.Resolve,7391488,1
110,4810,VSM.ResolveTrace,7163136,1
110,4810,VSM.FilterHorizontal,68096,1
110,4810,VSM.FilterVertical,0,0
110,4810,VSM.FilterTemporalVertical,158976,1
110,4810,VSM.ResetFeedback,0,1
111,4811,VSM.MarkReceiverPages,623872,1
111,4811,VSM.Allocate,616448,1
111,4811,VSM.ClearPhysicalPages,263168,1
111,4811,VSM.PageOccupancy,67840,1
111,4811,VSM.FinalizePages,2816,1
111,4811,VSM.DynamicRaster,92160,1
111,4811,VSM.LayoutRemap,0,1
111,4811,VSM.InvalidateStatic,0,0
111,4811,VSM.StaticCasterCull,202496,1
111,4811,VSM.DynamicCasterCull,0,1
111,4811,VSM.PageCull,183296,1
111,4811,VSM.StaticRaster,7424,1
111,4811,VSM.UnityCompatibilityRaster,0,0
111,4811,VSM.Resolve,7057408,1
111,4811,VSM.ResolveTrace,6833152,1
111,4811,VSM.FilterHorizontal,66048,1
111,4811,VSM.FilterVertical,0,0
111,4811,VSM.FilterTemporalVertical,157184,1
111,4811,VSM.ResetFeedback,0,1
112,4812,VSM.MarkReceiverPages,865792,1
112,4812,VSM.Allocate,643840,1
112,4812,VSM.ClearPhysicalPages,263936,1
112,4812,VSM.PageOccupancy,64256,1
112,4812,VSM.FinalizePages,2048,1
112,4812,VSM.DynamicRaster,88576,1
112,4812,VSM.LayoutRemap,0,1
112,4812,VSM.InvalidateStatic,0,0
112,4812,VSM.StaticCasterCull,207360,1
112,4812,VSM.DynamicCasterCull,0,1
112,4812,VSM.PageCull,188416,1
112,4812,VSM.StaticRaster,7424,1
112,4812,VSM.UnityCompatibilityRaster,0,0
112,4812,VSM.Resolve,7062272,1
112,4812,VSM.ResolveTrace,6831616,1
112,4812,VSM.FilterHorizontal,68096,1
112,4812,VSM.FilterVertical,0,0
112,4812,VSM.FilterTemporalVertical,161792,1
112,4812,VSM.ResetFeedback,0,1
113,4813,VSM.MarkReceiverPages,606464,1
113,4813,VSM.Allocate,611072,1
113,4813,VSM.ClearPhysicalPages,265216,1
113,4813,VSM.PageOccupancy,64768,1
113,4813,VSM.FinalizePages,2304,1
113,4813,VSM.DynamicRaster,93696,1
113,4813,VSM.LayoutRemap,0,1
113,4813,VSM.InvalidateStatic,0,0
113,4813,VSM.StaticCasterCull,201984,1
113,4813,VSM.DynamicCasterCull,0,1
113,4813,VSM.PageCull,182016,1
113,4813,VSM.StaticRaster,6400,1
113,4813,VSM.UnityCompatibilityRaster,0,0
113,4813,VSM.Resolve,7696384,1
113,4813,VSM.ResolveTrace,7465984,1
113,4813,VSM.FilterHorizontal,68352,1
113,4813,VSM.FilterVertical,0,0
113,4813,VSM.FilterTemporalVertical,160768,1
113,4813,VSM.ResetFeedback,0,1
114,4814,VSM.MarkReceiverPages,607488,1
114,4814,VSM.Allocate,612096,1
114,4814,VSM.ClearPhysicalPages,264960,1
114,4814,VSM.PageOccupancy,60928,1
114,4814,VSM.FinalizePages,2048,1
114,4814,VSM.DynamicRaster,89600,1
114,4814,VSM.LayoutRemap,0,1
114,4814,VSM.InvalidateStatic,0,0
114,4814,VSM.StaticCasterCull,208896,1
114,4814,VSM.DynamicCasterCull,0,1
114,4814,VSM.PageCull,189952,1
114,4814,VSM.StaticRaster,7424,1
114,4814,VSM.UnityCompatibilityRaster,0,0
114,4814,VSM.Resolve,6994944,1
114,4814,VSM.ResolveTrace,6766336,1
114,4814,VSM.FilterHorizontal,67328,1
114,4814,VSM.FilterVertical,0,0
114,4814,VSM.FilterTemporalVertical,160256,1
114,4814,VSM.ResetFeedback,0,1
115,4815,VSM.MarkReceiverPages,1053440,1
115,4815,VSM.Allocate,667392,1
115,4815,VSM.ClearPhysicalPages,269568,1
115,4815,VSM.PageOccupancy,68608,1
115,4815,VSM.FinalizePages,2304,1
115,4815,VSM.DynamicRaster,90368,1
115,4815,VSM.LayoutRemap,256,1
115,4815,VSM.InvalidateStatic,0,0
115,4815,VSM.StaticCasterCull,210432,1
115,4815,VSM.DynamicCasterCull,0,1
115,4815,VSM.PageCull,190464,1
115,4815,VSM.StaticRaster,3584,1
115,4815,VSM.UnityCompatibilityRaster,0,0
115,4815,VSM.Resolve,6955008,1
115,4815,VSM.ResolveTrace,6725632,1
115,4815,VSM.FilterHorizontal,67072,1
115,4815,VSM.FilterVertical,0,0
115,4815,VSM.FilterTemporalVertical,161536,1
115,4815,VSM.ResetFeedback,0,1
116,4816,VSM.MarkReceiverPages,649472,1
116,4816,VSM.Allocate,617472,1
116,4816,VSM.ClearPhysicalPages,268032,1
116,4816,VSM.PageOccupancy,65792,1
116,4816,VSM.FinalizePages,2048,1
116,4816,VSM.DynamicRaster,90880,1
116,4816,VSM.LayoutRemap,0,1
116,4816,VSM.InvalidateStatic,0,0
116,4816,VSM.StaticCasterCull,207616,1
116,4816,VSM.DynamicCasterCull,0,1
116,4816,VSM.PageCull,188160,1
116,4816,VSM.StaticRaster,3584,1
116,4816,VSM.UnityCompatibilityRaster,0,0
116,4816,VSM.Resolve,7388416,1
116,4816,VSM.ResolveTrace,7157504,1
116,4816,VSM.FilterHorizontal,68352,1
116,4816,VSM.FilterVertical,0,0
116,4816,VSM.FilterTemporalVertical,161024,1
116,4816,VSM.ResetFeedback,0,1
117,4817,VSM.MarkReceiverPages,605952,1
117,4817,VSM.Allocate,604416,1
117,4817,VSM.ClearPhysicalPages,262912,1
117,4817,VSM.PageOccupancy,61440,1
117,4817,VSM.FinalizePages,2304,1
117,4817,VSM.DynamicRaster,90624,1
117,4817,VSM.LayoutRemap,0,1
117,4817,VSM.InvalidateStatic,0,0
117,4817,VSM.StaticCasterCull,204800,1
117,4817,VSM.DynamicCasterCull,0,1
117,4817,VSM.PageCull,186368,1
117,4817,VSM.StaticRaster,7424,1
117,4817,VSM.UnityCompatibilityRaster,0,0
117,4817,VSM.Resolve,6909184,1
117,4817,VSM.ResolveTrace,6684672,1
117,4817,VSM.FilterHorizontal,66560,1
117,4817,VSM.FilterVertical,0,0
117,4817,VSM.FilterTemporalVertical,156672,1
117,4817,VSM.ResetFeedback,0,1
118,4818,VSM.MarkReceiverPages,606208,1
118,4818,VSM.Allocate,608512,1
118,4818,VSM.ClearPhysicalPages,261120,1
118,4818,VSM.PageOccupancy,61184,1
118,4818,VSM.FinalizePages,2304,1
118,4818,VSM.DynamicRaster,90112,1
118,4818,VSM.LayoutRemap,0,1
118,4818,VSM.InvalidateStatic,0,0
118,4818,VSM.StaticCasterCull,206848,1
118,4818,VSM.DynamicCasterCull,0,1
118,4818,VSM.PageCull,187392,1
118,4818,VSM.StaticRaster,7168,1
118,4818,VSM.UnityCompatibilityRaster,0,0
118,4818,VSM.Resolve,6960640,1
118,4818,VSM.ResolveTrace,6344448,1
118,4818,VSM.FilterHorizontal,68352,1
118,4818,VSM.FilterVertical,0,0
118,4818,VSM.FilterTemporalVertical,163072,1
118,4818,VSM.ResetFeedback,0,1
119,4819,VSM.MarkReceiverPages,605440,1
119,4819,VSM.Allocate,620800,1
119,4819,VSM.ClearPhysicalPages,263680,1
119,4819,VSM.PageOccupancy,71168,1
119,4819,VSM.FinalizePages,2048,1
119,4819,VSM.DynamicRaster,417792,1
119,4819,VSM.LayoutRemap,0,1
119,4819,VSM.InvalidateStatic,0,0
119,4819,VSM.StaticCasterCull,206848,1
119,4819,VSM.DynamicCasterCull,0,1
119,4819,VSM.PageCull,187904,1
119,4819,VSM.StaticRaster,5632,1
119,4819,VSM.UnityCompatibilityRaster,0,0
119,4819,VSM.Resolve,7355392,1
119,4819,VSM.ResolveTrace,6805760,1
119,4819,VSM.FilterHorizontal,68608,1
119,4819,VSM.FilterVertical,0,0
119,4819,VSM.FilterTemporalVertical,160000,1
119,4819,VSM.ResetFeedback,0,1
120,4820,VSM.MarkReceiverPages,906752,1
120,4820,VSM.Allocate,667904,1
120,4820,VSM.ClearPhysicalPages,270336,1
120,4820,VSM.PageOccupancy,75264,1
120,4820,VSM.FinalizePages,2048,1
120,4820,VSM.DynamicRaster,92160,1
120,4820,VSM.LayoutRemap,0,1
120,4820,VSM.InvalidateStatic,0,0
120,4820,VSM.StaticCasterCull,213248,1
120,4820,VSM.DynamicCasterCull,0,1
120,4820,VSM.PageCull,193024,1
120,4820,VSM.StaticRaster,378368,1
120,4820,VSM.UnityCompatibilityRaster,0,0
120,4820,VSM.Resolve,7004928,1
120,4820,VSM.ResolveTrace,6771712,1
120,4820,VSM.FilterHorizontal,69888,1
120,4820,VSM.FilterVertical,0,0
120,4820,VSM.FilterTemporalVertical,162304,1
120,4820,VSM.ResetFeedback,0,1
121,4821,VSM.MarkReceiverPages,649728,1
121,4821,VSM.Allocate,619008,1
121,4821,VSM.ClearPhysicalPages,268800,1
121,4821,VSM.PageOccupancy,62720,1
121,4821,VSM.FinalizePages,1792,1
121,4821,VSM.DynamicRaster,85504,1
121,4821,VSM.LayoutRemap,0,1
121,4821,VSM.InvalidateStatic,0,0
121,4821,VSM.StaticCasterCull,211968,1
121,4821,VSM.DynamicCasterCull,0,1
121,4821,VSM.PageCull,192512,1
121,4821,VSM.StaticRaster,7680,1
121,4821,VSM.UnityCompatibilityRaster,0,0
121,4821,VSM.Resolve,7265024,1
121,4821,VSM.ResolveTrace,6668544,1
121,4821,VSM.FilterHorizontal,69632,1
121,4821,VSM.FilterVertical,0,0
121,4821,VSM.FilterTemporalVertical,161280,1
121,4821,VSM.ResetFeedback,0,1
122,4822,VSM.MarkReceiverPages,651008,1
122,4822,VSM.Allocate,619520,1
122,4822,VSM.ClearPhysicalPages,269568,1
122,4822,VSM.PageOccupancy,64000,1
122,4822,VSM.FinalizePages,2560,1
122,4822,VSM.DynamicRaster,90624,1
122,4822,VSM.LayoutRemap,0,1
122,4822,VSM.InvalidateStatic,0,0
122,4822,VSM.StaticCasterCull,209408,1
122,4822,VSM.DynamicCasterCull,0,1
122,4822,VSM.PageCull,189184,1
122,4822,VSM.StaticRaster,11264,1
122,4822,VSM.UnityCompatibilityRaster,0,0
122,4822,VSM.Resolve,7350016,1
122,4822,VSM.ResolveTrace,7125504,1
122,4822,VSM.FilterHorizontal,66304,1
122,4822,VSM.FilterVertical,0,0
122,4822,VSM.FilterTemporalVertical,156672,1
122,4822,VSM.ResetFeedback,0,1
123,4823,VSM.MarkReceiverPages,603904,1
123,4823,VSM.Allocate,615936,1
123,4823,VSM.ClearPhysicalPages,262144,1
123,4823,VSM.PageOccupancy,67072,1
123,4823,VSM.FinalizePages,2048,1
123,4823,VSM.DynamicRaster,94720,1
123,4823,VSM.LayoutRemap,0,1
123,4823,VSM.InvalidateStatic,0,0
123,4823,VSM.StaticCasterCull,194560,1
123,4823,VSM.DynamicCasterCull,0,1
123,4823,VSM.PageCull,175872,1
123,4823,VSM.StaticRaster,3072,1
123,4823,VSM.UnityCompatibilityRaster,0,0
123,4823,VSM.Resolve,7450880,1
123,4823,VSM.ResolveTrace,7223552,1
123,4823,VSM.FilterHorizontal,66048,1
123,4823,VSM.FilterVertical,0,0
123,4823,VSM.FilterTemporalVertical,160256,1
123,4823,VSM.ResetFeedback,0,1
124,4824,VSM.MarkReceiverPages,607488,1
124,4824,VSM.Allocate,615936,1
124,4824,VSM.ClearPhysicalPages,266752,1
124,4824,VSM.PageOccupancy,68608,1
124,4824,VSM.FinalizePages,2048,1
124,4824,VSM.DynamicRaster,87552,1
124,4824,VSM.LayoutRemap,0,1
124,4824,VSM.InvalidateStatic,0,0
124,4824,VSM.StaticCasterCull,205312,1
124,4824,VSM.DynamicCasterCull,0,1
124,4824,VSM.PageCull,186880,1
124,4824,VSM.StaticRaster,7168,1
124,4824,VSM.UnityCompatibilityRaster,0,0
124,4824,VSM.Resolve,7883776,1
124,4824,VSM.ResolveTrace,7653888,1
124,4824,VSM.FilterHorizontal,68608,1
124,4824,VSM.FilterVertical,0,0
124,4824,VSM.FilterTemporalVertical,160256,1
124,4824,VSM.ResetFeedback,0,1
125,4825,VSM.MarkReceiverPages,668672,1
125,4825,VSM.Allocate,628736,1
125,4825,VSM.ClearPhysicalPages,888064,1
125,4825,VSM.PageOccupancy,65536,1
125,4825,VSM.FinalizePages,2816,1
125,4825,VSM.DynamicRaster,91136,1
125,4825,VSM.LayoutRemap,0,1
125,4825,VSM.InvalidateStatic,0,0
125,4825,VSM.StaticCasterCull,222464,1
125,4825,VSM.DynamicCasterCull,0,1
125,4825,VSM.PageCull,192768,1
125,4825,VSM.StaticRaster,7424,1
125,4825,VSM.UnityCompatibilityRaster,0,0
125,4825,VSM.Resolve,7453184,1
125,4825,VSM.ResolveTrace,7223808,1
125,4825,VSM.FilterHorizontal,66560,1
125,4825,VSM.FilterVertical,0,0
125,4825,VSM.FilterTemporalVertical,161792,1
125,4825,VSM.ResetFeedback,0,1
126,4826,VSM.MarkReceiverPages,667648,1
126,4826,VSM.Allocate,629760,1
126,4826,VSM.ClearPhysicalPages,269312,1
126,4826,VSM.PageOccupancy,68608,1
126,4826,VSM.FinalizePages,2048,1
126,4826,VSM.DynamicRaster,93184,1
126,4826,VSM.LayoutRemap,0,1
126,4826,VSM.InvalidateStatic,0,0
126,4826,VSM.StaticCasterCull,208128,1
126,4826,VSM.DynamicCasterCull,0,1
126,4826,VSM.PageCull,188416,1
126,4826,VSM.StaticRaster,7424,1
126,4826,VSM.UnityCompatibilityRaster,0,0
126,4826,VSM.Resolve,7745792,1
126,4826,VSM.ResolveTrace,7514112,1
126,4826,VSM.FilterHorizontal,68608,1
126,4826,VSM.FilterVertical,0,0
126,4826,VSM.FilterTemporalVertical,162048,1
126,4826,VSM.ResetFeedback,0,1
127,4827,VSM.MarkReceiverPages,606208,1
127,4827,VSM.Allocate,617216,1
127,4827,VSM.ClearPhysicalPages,263424,1
127,4827,VSM.PageOccupancy,72960,1
127,4827,VSM.FinalizePages,2304,1
127,4827,VSM.DynamicRaster,89088,1
127,4827,VSM.LayoutRemap,0,1
127,4827,VSM.InvalidateStatic,0,0
127,4827,VSM.StaticCasterCull,206336,1
127,4827,VSM.DynamicCasterCull,0,1
127,4827,VSM.PageCull,187648,1
127,4827,VSM.StaticRaster,7168,1
127,4827,VSM.UnityCompatibilityRaster,0,0
127,4827,VSM.Resolve,7821312,1
127,4827,VSM.ResolveTrace,7593472,1
127,4827,VSM.FilterHorizontal,67584,1
127,4827,VSM.FilterVertical,0,0
127,4827,VSM.FilterTemporalVertical,159232,1
127,4827,VSM.ResetFeedback,0,1
