6.070784
6.221568
6.078976
6.516224
6.020608
6.056192
6.087168
6.082304
6.032128
6.668032
6.057216
6.030848
6.06848
6.077952
6.058752
6.029056
6.112
6.49574375
6.015232
6.080512
6.400768
6.015744
6.741504
6.058496
6.046976
6.504704
6.111488
6.058752
6.607616
6.093312
6.06464
6.019328
6.066688
6.06208
6.02496
6.076928
6.451712
6.064384
6.100736
6.82624
6.070528
6.08768
6.092032
6.092032
6.060032
6.071552
6.090752
6.519296
6.086144
6.06976
6.42176
6.051072
6.05824
6.013184
6.074368
6.085632
6.06464
6.067968
6.541824
6.085888
6.072576
6.54976
6.047488
6.011904
6.090752
6.056448
6.439168
6.0864
6.030848
6.081792
6.077952
6.509824
6.092288
6.06464
6.038016
6.516736
6.070272
6.013184
6.075392
6.084864
6.04032
6.600192
6.529024
6.0288
6.07104
6.095104
6.083072
6.08512
6.064384
6.083072
6.503936
6.076928
6.068224
6.691072
6.064896
6.081792
6.017536
6.063872
6.531328
6.042624
6.072576
6.563328
6.078464
6.073856
6.064896
6.064896
6.025216
6.07232
6.063104
6.367232
6.064128
6.061056
6.5792
7.374336
6.084864
6.059008
6.05952
6.309376
6.062592
6.04159975
6.748416
6.07104
6.079488
6.095872
6.759168
6.258688
6.022912
6.090752
